0 0
0 2406
1 1
1 1833
2 2
2 3100
3 3
3 3768
4 4
4 3624
5 5
5 3089
6 6
6 1908
7 7
7 2483
8 8
8 294
9 9
9 650
10 10
10 8
11 11
11 975
12 12
12 490
13 13
13 3556
14 14
14 1727
15 15
15 1777
16 16
16 3224
17 17
17 1524
18 18
18 312
19 19
19 3056
20 20
20 3419
21 21
21 3405
22 22
22 538
23 23
23 2422
24 24
24 2354
25 25
25 3354
26 26
26 989
27 27
27 3577
28 28
28 2916
29 29
29 166
30 30
30 1819
31 31
31 2825
32 32
32 875
33 33
33 650
34 34
34 312
35 35
35 1877
36 36
36 588
37 37
37 1610
38 38
38 115
39 39
39 2056
40 40
40 1854
41 41
41 2005
42 42
42 3632
43 43
43 2483
44 44
44 1556
45 45
45 3154
46 46
46 188
47 47
47 216
48 48
48 2914
49 49
49 179
50 50
50 3085
51 51
51 312
52 52
52 1701
53 53
53 1374
54 54
54 696
55 55
55 208
56 56
56 3218
57 57
57 3304
58 58
58 2240
59 59
59 1915
60 60
60 2914
61 61
61 401
62 62
62 179
63 63
63 2560
64 64
64 3122
65 65
65 1786
66 66
66 631
67 67
67 580
68 68
68 3020
69 69
69 1490
70 70
70 2601
71 71
71 2115
72 72
72 2469
73 73
73 3289
74 74
74 2168
75 75
75 3476
76 76
76 319
77 77
77 2431
78 78
78 650
79 79
79 3263
80 80
80 8
81 81
81 3178
82 82
82 8
83 83
83 3545
84 84
84 2639
85 85
85 3664
86 86
86 1190
87 87
87 3250
88 88
88 361
89 89
89 516
90 90
90 2699
91 91
91 2041
92 92
92 650
93 93
93 2449
94 94
94 3282
95 95
95 2027
96 96
96 3419
97 97
97 2
98 98
98 867
99 99
99 2092
100 100
100 3869
101 101
101 3920
102 102
102 144
103 103
103 2505
104 104
104 875
105 105
105 1027
106 106
106 2587
107 107
107 2020
108 108
108 2323
109 109
109 208
110 110
110 1605
111 111
111 2537
112 112
112 1017
113 113
113 635
114 114
114 3920
115 115
115 38
116 116
116 3800
117 117
117 1723
118 118
118 3530
119 119
119 3939
120 120
120 1213
121 121
121 1281
122 122
122 1982
123 123
123 2328
124 124
124 772
125 125
125 527
126 126
126 3626
127 127
127 1767
128 128
128 3049
129 129
129 3018
130 130
130 1211
131 131
131 1022
132 132
132 2252
133 133
133 1568
134 134
134 875
135 135
135 1031
136 136
136 3701
137 137
137 421
138 138
138 3748
139 139
139 2355
140 140
140 3077
141 141
141 854
142 142
142 1915
143 143
143 3925
144 144
144 733
145 145
145 3070
146 146
146 2163
147 147
147 2554
148 148
148 1382
149 149
149 989
150 150
150 650
151 151
151 1441
152 152
152 1414
153 153
153 1617
154 154
154 1456
155 155
155 3029
156 156
156 3543
157 157
157 3318
158 158
158 585
159 159
159 989
160 160
160 954
161 161
161 2537
162 162
162 836
163 163
163 1732
164 164
164 3329
165 165
165 795
166 166
166 29
167 167
167 2700
168 168
168 3074
169 169
169 2658
170 170
170 761
171 171
171 3830
172 172
172 1355
173 173
173 2482
174 174
174 2471
175 175
175 1190
176 176
176 3366
177 177
177 3470
178 178
178 2975
179 179
179 62
180 180
180 1297
181 181
181 3790
182 182
182 2728
183 183
183 1688
184 184
184 1590
185 185
185 2168
186 186
186 8
187 187
187 2265
188 188
188 8
189 189
189 2128
190 190
190 2340
191 191
191 1456
192 192
192 320
193 193
193 2380
194 194
194 3516
195 195
195 2319
196 196
196 2601
197 197
197 8
198 198
198 650
199 199
199 1761
200 200
200 2432
201 201
201 3539
202 202
202 718
203 203
203 704
204 204
204 179
205 205
205 3950
206 206
206 3327
207 207
207 2550
208 208
208 109
209 209
209 3601
210 210
210 962
211 211
211 3990
212 212
212 2832
213 213
213 2360
214 214
214 1106
215 215
215 1055
216 216
216 47
217 217
217 2284
218 218
218 3537
219 219
219 485
220 220
220 3923
221 221
221 2931
222 222
222 1714
223 223
223 3077
224 224
224 2373
225 225
225 3676
226 226
226 3128
227 227
227 539
228 228
228 2773
229 229
229 3504
230 230
230 2406
231 231
231 3858
232 232
232 2927
233 233
233 1151
234 234
234 3258
235 235
235 2883
236 236
236 16
237 237
237 378
238 238
238 650
239 239
239 3799
240 240
240 1128
241 241
241 2436
242 242
242 3375
243 243
243 3790
244 244
244 267
245 245
245 1286
246 246
246 479
247 247
247 2496
248 248
248 296
249 249
249 1097
250 250
250 261
251 251
251 3138
252 252
252 3168
253 253
253 3621
254 254
254 1564
255 255
255 1922
256 256
256 414
257 257
257 303
258 258
258 1522
259 259
259 903
260 260
260 609
261 261
261 1496
262 262
262 3478
263 263
263 3405
264 264
264 3075
265 265
265 378
266 266
266 989
267 267
267 244
268 268
268 1651
269 269
269 8
270 270
270 3019
271 271
271 2093
272 272
272 733
273 273
273 637
274 274
274 654
275 275
275 3399
276 276
276 402
277 277
277 1426
278 278
278 2673
279 279
279 1751
280 280
280 3764
281 281
281 650
282 282
282 1926
283 283
283 2657
284 284
284 8
285 285
285 800
286 286
286 378
287 287
287 1480
288 288
288 3749
289 289
289 792
290 290
290 733
291 291
291 2386
292 292
292 1333
293 293
293 8
294 8
294 294
295 295
295 1994
296 296
296 179
297 297
297 343
298 298
298 2019
299 299
299 2240
300 300
300 1260
301 301
301 1527
302 302
302 3357
303 303
303 3397
304 304
304 1471
305 305
305 875
306 306
306 1083
307 307
307 8
308 308
308 2323
309 309
309 2630
310 310
310 2252
311 311
311 3155
312 312
312 2612
313 313
313 1059
314 314
314 3618
315 315
315 2962
316 316
316 1109
317 317
317 2646
318 318
318 3052
319 319
319 851
320 320
320 192
321 321
321 1724
322 322
322 4011
323 323
323 2029
324 324
324 2210
325 325
325 2347
326 326
326 2381
327 327
327 3522
328 328
328 1250
329 329
329 3562
330 330
330 2850
331 331
331 1548
332 332
332 580
333 333
333 3678
334 334
334 634
335 335
335 378
336 336
336 618
337 337
337 3705
338 8
338 294
339 339
339 100
340 340
340 2825
341 341
341 2667
342 342
342 3178
343 343
343 1831
344 344
344 1530
345 345
345 650
346 346
346 1588
347 347
347 1964
348 348
348 2306
349 349
349 3113
350 350
350 2658
351 351
351 2523
352 352
352 2312
353 353
353 3056
354 354
354 2386
355 355
355 3557
356 356
356 2820
357 357
357 2610
358 358
358 858
359 359
359 1831
360 360
360 802
361 361
361 88
362 362
362 2969
363 363
363 586
364 364
364 2028
365 365
365 1974
366 366
366 1321
367 367
367 981
368 368
368 2469
369 369
369 820
370 370
370 3122
371 371
371 3296
372 372
372 1982
373 373
373 3893
374 374
374 625
375 375
375 3877
376 376
376 1739
377 377
377 2465
378 378
378 2721
379 379
379 2520
380 380
380 1126
381 381
381 989
382 382
382 624
383 383
383 1895
384 384
384 2073
385 385
385 2813
386 386
386 3288
387 8
387 294
388 388
388 1789
389 389
389 3725
390 390
390 1467
391 391
391 96
392 392
392 736
393 393
393 683
394 394
394 3816
395 395
395 3841
396 396
396 2762
397 397
397 179
398 398
398 784
399 399
399 801
400 400
400 2110
401 401
401 61
402 402
402 8
403 403
403 1184
404 404
404 701
405 405
405 1846
406 406
406 3016
407 407
407 1321
408 408
408 2252
409 409
409 8
410 410
410 414
411 411
411 8
412 412
412 3930
413 413
413 553
414 414
414 2252
415 415
415 1623
416 416
416 3125
417 417
417 1515
418 418
418 1303
419 419
419 2837
420 420
420 2066
421 421
421 2829
422 422
422 876
423 423
423 3823
424 424
424 1017
425 425
425 743
426 426
426 2286
427 427
427 1738
428 428
428 650
429 429
429 1032
430 430
430 1503
431 431
431 894
432 432
432 1456
433 433
433 1977
434 434
434 559
435 435
435 3759
436 436
436 3366
437 437
437 2720
438 438
438 1292
439 439
439 1092
440 440
440 3702
441 441
441 3124
442 442
442 2914
443 443
443 1382
444 444
444 2796
445 445
445 459
446 446
446 1341
447 447
447 4026
448 448
448 111
449 449
449 580
450 450
450 768
451 451
451 2310
452 452
452 451
453 453
453 527
454 454
454 2037
455 455
455 650
456 456
456 729
457 457
457 593
458 458
458 8
459 459
459 2652
460 460
460 468
461 461
461 270
462 462
462 586
463 463
463 8
464 464
464 317
465 465
465 1203
466 466
466 1193
467 467
467 989
468 468
468 8
469 469
469 2131
470 470
470 1184
471 471
471 1321
472 472
472 2250
473 473
473 370
474 474
474 1409
475 475
475 3959
476 476
476 3873
477 477
477 3386
478 478
478 2779
479 479
479 246
480 480
480 378
481 481
481 3281
482 482
482 1856
483 483
483 3013
484 484
484 593
485 485
485 1136
486 486
486 527
487 487
487 1778
488 488
488 529
489 489
489 1110
490 490
490 2845
491 491
491 663
492 492
492 158
493 493
493 1886
494 494
494 2880
495 495
495 2597
496 496
496 1936
497 497
497 468
498 498
498 92
499 499
499 1070
500 500
500 3867
501 501
501 8
502 502
502 1990
503 503
503 1353
504 504
504 875
505 505
505 1224
506 506
506 959
507 507
507 2708
508 508
508 875
509 509
509 1766
510 510
510 378
511 511
511 3373
512 512
512 2073
513 513
513 179
514 514
514 3824
515 515
515 2779
516 516
516 89
517 517
517 1516
518 518
518 988
519 519
519 875
520 520
520 8
521 521
521 2151
522 522
522 302
523 523
523 3131
524 524
524 2083
525 525
525 696
526 526
526 875
527 527
527 3965
528 528
528 2054
529 529
529 3178
530 530
530 2451
531 531
531 1363
532 532
532 781
533 533
533 179
534 534
534 2201
535 535
535 1353
536 536
536 8
537 537
537 828
538 538
538 1179
539 539
539 2506
540 540
540 2869
541 541
541 1620
542 542
542 3915
543 543
543 3103
544 544
544 580
545 545
545 2287
546 546
546 3888
547 547
547 1643
548 548
548 3066
549 549
549 2265
550 550
550 2236
551 551
551 1165
552 552
552 487
553 553
553 413
554 554
554 1497
555 555
555 2274
556 556
556 551
557 8
557 294
558 558
558 1123
559 559
559 3437
560 560
560 2587
561 561
561 989
562 562
562 3334
563 563
563 2470
564 564
564 2977
565 565
565 296
566 566
566 2425
567 567
567 38
568 568
568 650
569 569
569 1211
570 570
570 2010
571 571
571 8
572 572
572 2305
573 573
573 3497
574 574
574 3351
575 575
575 593
576 576
576 618
577 577
577 1183
578 578
578 3023
579 579
579 1456
580 580
580 8
581 581
581 3509
582 582
582 1963
583 583
583 875
584 584
584 1357
585 585
585 158
586 586
586 8
587 587
587 3048
588 588
588 1107
589 589
589 3807
590 590
590 2622
591 591
591 2381
592 592
592 8
593 593
593 575
594 594
594 527
595 595
595 1350
596 596
596 989
597 597
597 2233
598 598
598 2802
599 599
599 3031
600 600
600 438
601 601
601 2683
602 602
602 3943
603 603
603 2387
604 604
604 1412
605 605
605 989
606 606
606 2985
607 607
607 1051
608 608
608 2073
609 609
609 378
610 610
610 3122
611 611
611 428
612 612
612 2018
613 613
613 1562
614 614
614 2518
615 615
615 2239
616 616
616 8
617 617
617 1559
618 618
618 989
619 619
619 3339
620 620
620 1936
621 621
621 2101
622 622
622 1027
623 623
623 8
624 624
624 1028
625 625
625 374
626 626
626 1786
627 627
627 1479
628 628
628 1197
629 629
629 41
630 630
630 1336
631 631
631 66
632 632
632 3577
633 633
633 2210
634 634
634 1829
635 635
635 2483
636 636
636 3637
637 273
637 637
638 638
638 1496
639 639
639 874
640 640
640 1165
641 641
641 1693
642 642
642 8
643 643
643 296
644 644
644 3604
645 645
645 480
646 646
646 910
647 647
647 658
648 648
648 2213
649 649
649 3077
650 650
650 991
651 651
651 1553
652 652
652 2037
653 653
653 170
654 654
654 8
655 655
655 2963
656 656
656 2410
657 657
657 358
658 658
658 1163
659 659
659 354
660 660
660 2036
661 661
661 1475
662 662
662 989
663 663
663 491
664 664
664 593
665 665
665 8
666 666
666 2213
667 667
667 537
668 668
668 614
669 669
669 2250
670 670
670 1460
671 671
671 3056
672 672
672 2500
673 673
673 81
674 674
674 2294
675 675
675 161
676 676
676 2959
677 677
677 3975
678 678
678 3966
679 679
679 3354
680 680
680 1484
681 681
681 3274
682 682
682 438
683 683
683 3455
684 684
684 2208
685 685
685 1249
686 686
686 8
687 687
687 8
688 688
688 1228
689 689
689 3433
690 690
690 2487
691 691
691 1352
692 692
692 875
693 693
693 1328
694 694
694 1659
695 695
695 2914
696 696
696 525
697 697
697 2241
698 698
698 893
699 699
699 3053
700 700
700 3975
701 701
701 3113
702 702
702 875
703 703
703 468
704 704
704 2252
705 705
705 2777
706 706
706 161
707 707
707 8
708 708
708 1190
709 709
709 2846
710 710
710 3597
711 711
711 1490
712 712
712 969
713 713
713 266
714 714
714 2210
715 715
715 2129
716 716
716 1265
717 717
717 1572
718 718
718 202
719 719
719 1806
720 720
720 1496
721 721
721 2955
722 722
722 2656
723 723
723 3465
724 724
724 2700
725 725
725 2334
726 726
726 3878
727 727
727 3930
728 728
728 2398
729 729
729 2252
730 730
730 3082
731 731
731 8
732 732
732 3292
733 733
733 995
734 734
734 2084
735 735
735 109
736 736
736 1466
737 737
737 3415
738 738
738 1781
739 739
739 877
740 740
740 3835
741 741
741 351
742 742
742 3781
743 743
743 1697
744 744
744 886
745 745
745 2562
746 746
746 1129
747 747
747 580
748 748
748 4042
749 749
749 2405
750 750
750 2870
751 751
751 1184
752 752
752 4002
753 753
753 386
754 754
754 414
755 755
755 8
756 756
756 3263
757 757
757 1021
758 758
758 378
759 759
759 1474
760 760
760 1292
761 761
761 170
762 762
762 1211
763 763
763 1857
764 764
764 790
765 765
765 2230
766 766
766 2383
767 767
767 4050
768 768
768 450
769 769
769 8
770 770
770 3167
771 771
771 8
772 772
772 2032
773 8
773 294
774 774
774 1485
775 775
775 3021
776 776
776 8
777 777
777 1719
778 778
778 4022
779 779
779 870
780 780
780 4019
781 781
781 1403
782 782
782 902
783 783
783 169
784 784
784 3546
785 785
785 1808
786 786
786 365
787 787
787 1980
788 788
788 2914
789 789
789 4006
790 790
790 764
791 791
791 2386
792 792
792 289
793 793
793 1723
794 794
794 2265
795 795
795 165
796 796
796 3227
797 797
797 1128
798 798
798 2971
799 799
799 3713
800 800
800 2740
801 801
801 3747
802 802
802 360
803 803
803 2749
804 804
804 3645
805 805
805 1378
806 806
806 3124
807 807
807 3539
808 808
808 3739
809 809
809 1651
810 810
810 3262
811 811
811 179
812 812
812 1289
813 813
813 179
814 814
814 866
815 815
815 3334
816 816
816 1523
817 817
817 831
818 818
818 1100
819 819
819 1654
820 820
820 3629
821 821
821 1750
822 822
822 3178
823 823
823 179
824 824
824 1067
825 825
825 2183
826 826
826 2448
827 827
827 3097
828 537
828 828
829 829
829 3783
830 830
830 820
831 831
831 1450
832 832
832 2376
833 833
833 1250
834 834
834 1805
835 835
835 2537
836 162
836 836
837 837
837 3369
838 838
838 1986
839 839
839 3762
840 840
840 733
841 841
841 312
842 842
842 81
843 843
843 149
844 844
844 884
845 845
845 2777
846 846
846 1472
847 847
847 468
848 848
848 861
849 849
849 3688
850 850
850 2447
851 851
851 319
852 852
852 2130
853 853
853 1275
854 854
854 575
855 855
855 3060
856 856
856 3163
857 857
857 468
858 858
858 358
859 859
859 3429
860 860
860 729
861 861
861 848
862 862
862 1541
863 863
863 2292
864 864
864 1848
865 865
865 2265
866 866
866 3005
867 867
867 98
868 868
868 2925
869 869
869 3050
870 779
870 870
871 871
871 3406
872 872
872 296
873 873
873 2450
874 874
874 1573
875 875
875 1299
876 876
876 422
877 877
877 739
878 878
878 1211
879 879
879 962
880 880
880 3328
881 881
881 3733
882 882
882 8
883 883
883 4046
884 884
884 844
885 885
885 378
886 886
886 1357
887 887
887 731
888 888
888 2049
889 889
889 62
890 890
890 3301
891 891
891 1010
892 892
892 2602
893 893
893 3322
894 431
894 894
895 895
895 1289
896 896
896 1647
897 897
897 1192
898 898
898 378
899 899
899 2696
900 900
900 134
901 901
901 1946
902 902
902 650
903 903
903 1711
904 904
904 378
905 905
905 1737
906 906
906 3785
907 907
907 1116
908 908
908 8
909 909
909 1828
910 646
910 910
911 911
911 1777
912 912
912 3527
913 913
913 3663
914 914
914 3258
915 915
915 2471
916 916
916 3600
917 917
917 3419
918 918
918 650
919 919
919 1889
920 8
920 294
921 921
921 2827
922 922
922 961
923 923
923 1190
924 924
924 3543
925 925
925 3851
926 926
926 2804
927 927
927 652
928 928
928 635
929 929
929 1287
930 930
930 2047
931 931
931 126
932 932
932 1426
933 933
933 8
934 934
934 2271
935 935
935 81
936 936
936 276
937 937
937 1558
938 938
938 1794
939 939
939 2404
940 940
940 65
941 941
941 2445
942 942
942 1017
943 943
943 1688
944 944
944 3735
945 945
945 1321
946 946
946 2618
947 947
947 358
948 948
948 3372
949 949
949 2246
950 950
950 144
951 951
951 8
952 952
952 3242
953 953
953 3461
954 954
954 1017
955 955
955 3260
956 956
956 650
957 957
957 2230
958 958
958 1197
959 959
959 8
960 960
960 2636
961 961
961 875
962 962
962 879
963 963
963 3910
964 964
964 8
965 965
965 3937
966 966
966 1290
967 967
967 2081
968 968
968 1734
969 969
969 1039
970 970
970 62
971 971
971 1345
972 972
972 179
973 973
973 597
974 974
974 3969
975 975
975 11
976 976
976 3665
977 977
977 421
978 978
978 1338
979 979
979 3441
980 980
980 1953
981 981
981 3239
982 982
982 1386
983 983
983 1614
984 984
984 2282
985 985
985 1132
986 986
986 3233
987 987
987 208
988 518
988 988
989 989
989 2221
990 990
990 3010
991 650
991 991
992 992
992 3363
993 993
993 1091
994 994
994 531
995 733
995 995
996 996
996 8
997 997
997 3254
998 998
998 2483
999 999
999 2143
1000 1000
1000 323
1001 1001
1001 2111
1002 1002
1002 2008
1003 1003
1003 3939
1004 1004
1004 340
1005 1005
1005 1872
1006 1006
1006 1496
1007 1007
1007 350
1008 1008
1008 3087
1009 1009
1009 4006
1010 1010
1010 1889
1011 1011
1011 378
1012 1012
1012 3749
1013 1013
1013 2464
1014 1014
1014 41
1015 1015
1015 905
1016 1016
1016 1609
1017 1017
1017 2272
1018 1018
1018 65
1019 1019
1019 2903
1020 1020
1020 2198
1021 757
1021 1021
1022 1022
1022 2252
1023 1023
1023 3207
1024 1024
1024 378
1025 1025
1025 2779
1026 1026
1026 1211
1027 1027
1027 1496
1028 1028
1028 624
1029 1029
1029 92
1030 1030
1030 1353
1031 1031
1031 2232
1032 1032
1032 429
1033 1033
1033 861
1034 1034
1034 2462
1035 1035
1035 8
1036 1036
1036 471
1037 1037
1037 2341
1038 1038
1038 650
1039 1039
1039 3533
1040 1040
1040 2194
1041 1041
1041 971
1042 1042
1042 1264
1043 1043
1043 1448
1044 1044
1044 2960
1045 1045
1045 312
1046 1046
1046 3716
1047 1047
1047 989
1048 1048
1048 437
1049 1049
1049 2152
1050 1050
1050 1303
1051 1051
1051 607
1052 1052
1052 3578
1053 1053
1053 2147
1054 1054
1054 1348
1055 1055
1055 2437
1056 1056
1056 1321
1057 1057
1057 109
1058 1058
1058 2841
1059 1059
1059 313
1060 1060
1060 2406
1061 1061
1061 8
1062 1062
1062 733
1063 1063
1063 3200
1064 1064
1064 208
1065 1065
1065 2807
1066 1066
1066 2649
1067 1067
1067 824
1068 1068
1068 1460
1069 1069
1069 1696
1070 1070
1070 3085
1071 1071
1071 3419
1072 1072
1072 3421
1073 1073
1073 593
1074 1074
1074 2128
1075 1075
1075 2204
1076 1076
1076 130
1077 1077
1077 2897
1078 1078
1078 1296
1079 1079
1079 2846
1080 1080
1080 1431
1081 1081
1081 2095
1082 1082
1082 3264
1083 1083
1083 306
1084 1084
1084 1289
1085 1085
1085 3900
1086 1086
1086 276
1087 1087
1087 2609
1088 1088
1088 291
1089 1089
1089 1982
1090 1090
1090 1220
1091 1091
1091 8
1092 1092
1092 439
1093 1093
1093 3626
1094 1094
1094 3312
1095 1095
1095 3651
1096 1096
1096 2860
1097 1097
1097 8
1098 1098
1098 2102
1099 1099
1099 3497
1100 1100
1100 818
1101 1101
1101 2350
1102 1102
1102 179
1103 1103
1103 3003
1104 1104
1104 1782
1105 1105
1105 2460
1106 1106
1106 214
1107 1107
1107 588
1108 1108
1108 477
1109 1109
1109 316
1110 1110
1110 489
1111 1111
1111 1368
1112 1112
1112 194
1113 1113
1113 551
1114 1114
1114 959
1115 1115
1115 378
1116 1116
1116 907
1117 1117
1117 3321
1118 1118
1118 130
1119 1119
1119 1736
1120 1120
1120 472
1121 1121
1121 1179
1122 1122
1122 62
1123 1123
1123 517
1124 1124
1124 284
1125 1125
1125 717
1126 1126
1126 1353
1127 1127
1127 1650
1128 1128
1128 325
1129 1129
1129 746
1130 1130
1130 50
1131 1131
1131 2579
1132 1132
1132 985
1133 1133
1133 2723
1134 1134
1134 1353
1135 1135
1135 14
1136 1136
1136 1316
1137 1137
1137 3390
1138 1138
1138 453
1139 1139
1139 2388
1140 1140
1140 954
1141 1141
1141 1417
1142 1142
1142 2064
1143 1143
1143 409
1144 1144
1144 3240
1145 1145
1145 914
1146 1146
1146 1216
1147 1147
1147 335
1148 1148
1148 2628
1149 1149
1149 1471
1150 1150
1150 3808
1151 233
1151 1151
1152 1152
1152 3790
1153 1153
1153 1522
1154 1154
1154 2800
1155 1155
1155 3056
1156 1156
1156 3769
1157 1157
1157 1503
1158 1158
1158 402
1159 1159
1159 2694
1160 1160
1160 2765
1161 1161
1161 2280
1162 1162
1162 867
1163 1163
1163 658
1164 1164
1164 1369
1165 1165
1165 2139
1166 1166
1166 4048
1167 1167
1167 146
1168 1168
1168 1861
1169 1169
1169 1688
1170 1170
1170 1982
1171 1171
1171 1211
1172 1172
1172 3444
1173 1173
1173 378
1174 1174
1174 1503
1175 1175
1175 1692
1176 1176
1176 1884
1177 1177
1177 1662
1178 1178
1178 3807
1179 1179
1179 8
1180 8
1180 294
1181 1181
1181 3478
1182 1182
1182 1208
1183 1183
1183 918
1184 1184
1184 403
1185 1185
1185 1661
1186 1186
1186 1889
1187 1187
1187 2811
1188 1188
1188 1289
1189 1189
1189 2466
1190 1190
1190 8
1191 1191
1191 2508
1192 1192
1192 3543
1193 1193
1193 466
1194 1194
1194 2824
1195 1195
1195 1211
1196 1196
1196 3739
1197 1197
1197 1289
1198 1198
1198 132
1199 1199
1199 1136
1200 1200
1200 3393
1201 1201
1201 408
1202 1202
1202 3821
1203 1203
1203 3719
1204 1204
1204 875
1205 1205
1205 331
1206 1206
1206 179
1207 1207
1207 1812
1208 1208
1208 38
1209 1209
1209 3620
1210 1210
1210 3932
1211 1211
1211 2180
1212 1212
1212 1274
1213 1213
1213 120
1214 1214
1214 3554
1215 1215
1215 111
1216 1216
1216 1146
1217 1217
1217 1283
1218 1218
1218 109
1219 1219
1219 2718
1220 1220
1220 1547
1221 1221
1221 692
1222 1222
1222 2446
1223 1223
1223 3986
1224 505
1224 1224
1225 1225
1225 2447
1226 1226
1226 3924
1227 1227
1227 2494
1228 1228
1228 2432
1229 1229
1229 2144
1230 1230
1230 2940
1231 1231
1231 3517
1232 1232
1232 1781
1233 1233
1233 2961
1234 1234
1234 8
1235 1235
1235 2146
1236 1236
1236 3668
1237 1237
1237 3785
1238 1238
1238 4028
1239 1239
1239 3369
1240 1240
1240 650
1241 1241
1241 2887
1242 1242
1242 366
1243 1243
1243 8
1244 1244
1244 2995
1245 1245
1245 695
1246 1246
1246 2815
1247 1247
1247 2772
1248 1248
1248 229
1249 1249
1249 3647
1250 1250
1250 833
1251 1251
1251 990
1252 1252
1252 318
1253 1253
1253 1947
1254 1254
1254 2488
1255 1255
1255 3466
1256 1256
1256 1391
1257 1257
1257 2401
1258 1258
1258 8
1259 1259
1259 104
1260 1260
1260 300
1261 1261
1261 2215
1262 1262
1262 3031
1263 1263
1263 725
1264 1264
1264 1282
1265 1265
1265 716
1266 1266
1266 2959
1267 1267
1267 1458
1268 1268
1268 2537
1269 1269
1269 1661
1270 1270
1270 1711
1271 1271
1271 3735
1272 1272
1272 2099
1273 1273
1273 3525
1274 1274
1274 1212
1275 1275
1275 853
1276 1276
1276 3848
1277 1277
1277 3502
1278 8
1278 294
1279 1279
1279 1342
1280 1280
1280 179
1281 1281
1281 8
1282 1282
1282 1264
1283 1283
1283 1217
1284 1284
1284 1589
1285 1285
1285 3127
1286 245
1286 1286
1287 1287
1287 929
1288 1288
1288 3174
1289 1289
1289 1392
1290 1290
1290 3503
1291 1291
1291 882
1292 1292
1292 3641
1293 1293
1293 192
1294 1294
1294 3740
1295 1295
1295 3937
1296 1078
1296 1296
1297 1297
1297 180
1298 1298
1298 518
1299 875
1299 1299
1300 1300
1300 65
1301 1301
1301 3382
1302 1302
1302 1340
1303 1303
1303 378
1304 1304
1304 2483
1305 1305
1305 2765
1306 1306
1306 1750
1307 1307
1307 650
1308 1308
1308 1713
1309 1309
1309 2537
1310 1310
1310 3637
1311 1311
1311 1195
1312 1312
1312 325
1313 1313
1313 3960
1314 1314
1314 3358
1315 1315
1315 1833
1316 1136
1316 1316
1317 1317
1317 2638
1318 1318
1318 2484
1319 1319
1319 3108
1320 1320
1320 2308
1321 1321
1321 8
1322 1322
1322 1937
1323 1323
1323 2732
1324 1324
1324 1970
1325 1325
1325 2252
1326 1326
1326 1713
1327 1327
1327 1394
1328 1328
1328 693
1329 1329
1329 335
1330 1330
1330 1831
1331 1331
1331 317
1332 1332
1332 1353
1333 1333
1333 82
1334 1334
1334 3798
1335 1335
1335 3811
1336 1336
1336 3123
1337 1337
1337 1303
1338 1338
1338 978
1339 1339
1339 2758
1340 1340
1340 1302
1341 446
1341 1341
1342 1342
1342 1279
1343 1343
1343 767
1344 1344
1344 3611
1345 1345
1345 971
1346 1346
1346 3325
1347 1347
1347 224
1348 1348
1348 1054
1349 1349
1349 3603
1350 1350
1350 595
1351 1351
1351 257
1352 1352
1352 691
1353 1353
1353 1404
1354 1354
1354 2034
1355 1355
1355 172
1356 1356
1356 2779
1357 1357
1357 3111
1358 1358
1358 428
1359 1359
1359 3649
1360 1360
1360 378
1361 1361
1361 365
1362 1362
1362 1756
1363 1363
1363 531
1364 1364
1364 2483
1365 1365
1365 2118
1366 8
1366 294
1367 1367
1367 1129
1368 1368
1368 1111
1369 1369
1369 1164
1370 1370
1370 2883
1371 1371
1371 2845
1372 1372
1372 1292
1373 1373
1373 2517
1374 1374
1374 53
1375 1375
1375 3937
1376 1376
1376 2701
1377 1377
1377 2514
1378 1378
1378 805
1379 1379
1379 1211
1380 1380
1380 2067
1381 1381
1381 2426
1382 1382
1382 443
1383 1383
1383 3990
1384 1384
1384 3220
1385 1385
1385 1043
1386 1386
1386 982
1387 1387
1387 3112
1388 1388
1388 1958
1389 1389
1389 3065
1390 1390
1390 3872
1391 1391
1391 3455
1392 1289
1392 1392
1393 1393
1393 1723
1394 1394
1394 1327
1395 1395
1395 1128
1396 1396
1396 650
1397 1397
1397 2739
1398 1398
1398 1962
1399 1399
1399 733
1400 1400
1400 3360
1401 1401
1401 2830
1402 1402
1402 2446
1403 1403
1403 781
1404 1353
1404 1404
1405 1405
1405 285
1406 1406
1406 2210
1407 1407
1407 980
1408 1408
1408 179
1409 1409
1409 474
1410 1410
1410 2601
1411 1411
1411 3890
1412 1412
1412 604
1413 1413
1413 532
1414 1414
1414 152
1415 1415
1415 58
1416 1416
1416 650
1417 1417
1417 1141
1418 1418
1418 3144
1419 1419
1419 1661
1420 1420
1420 230
1421 1421
1421 3999
1422 1422
1422 3780
1423 1423
1423 1777
1424 1424
1424 1710
1425 1425
1425 2356
1426 1426
1426 3117
1427 1427
1427 1812
1428 1428
1428 2109
1429 1429
1429 2324
1430 1430
1430 3721
1431 1431
1431 1080
1432 1432
1432 3194
1433 1433
1433 2271
1434 1434
1434 1692
1435 1435
1435 1667
1436 1436
1436 650
1437 1437
1437 1289
1438 1438
1438 2060
1439 1439
1439 2070
1440 1440
1440 2298
1441 1441
1441 151
1442 1442
1442 3438
1443 1443
1443 3193
1444 1444
1444 1214
1445 1445
1445 575
1446 8
1446 294
1447 1447
1447 1019
1448 1448
1448 1043
1449 1449
1449 3980
1450 1450
1450 3419
1451 1451
1451 1211
1452 1452
1452 41
1453 1453
1453 1770
1454 1454
1454 2705
1455 1455
1455 3810
1456 1456
1456 8
1457 1457
1457 3001
1458 1458
1458 1267
1459 1459
1459 179
1460 1460
1460 1179
1461 1461
1461 8
1462 1462
1462 3904
1463 1463
1463 3687
1464 1464
1464 3122
1465 1465
1465 3741
1466 1466
1466 241
1467 1467
1467 2091
1468 1468
1468 2639
1469 1469
1469 1781
1470 1470
1470 3317
1471 1471
1471 2519
1472 1472
1472 8
1473 1473
1473 686
1474 1474
1474 81
1475 1475
1475 661
1476 1476
1476 272
1477 1477
1477 3285
1478 1289
1478 1392
1479 1479
1479 179
1480 1480
1480 2894
1481 1481
1481 3191
1482 1482
1482 2483
1483 1483
1483 3105
1484 1484
1484 680
1485 1485
1485 774
1486 1486
1486 8
1487 1487
1487 904
1488 1488
1488 729
1489 1489
1489 3152
1490 1490
1490 711
1491 1491
1491 3739
1492 1492
1492 733
1493 1493
1493 1121
1494 1494
1494 3679
1495 1495
1495 2150
1496 1496
1496 2454
1497 1497
1497 103
1498 1498
1498 1832
1499 1499
1499 3790
1500 1500
1500 325
1501 1501
1501 4024
1502 1502
1502 2123
1503 1503
1503 1157
1504 1504
1504 3626
1505 1505
1505 240
1506 1506
1506 1796
1507 1507
1507 130
1508 1508
1508 179
1509 1509
1509 3419
1510 1510
1510 2914
1511 1511
1511 2687
1512 1512
1512 130
1513 1513
1513 3022
1514 1514
1514 2413
1515 1515
1515 1907
1516 1516
1516 517
1517 1517
1517 3534
1518 1518
1518 2589
1519 1519
1519 2440
1520 1520
1520 316
1521 1521
1521 2397
1522 1522
1522 1153
1523 816
1523 1523
1524 1524
1524 900
1525 1525
1525 81
1526 1526
1526 1272
1527 1527
1527 2791
1528 1528
1528 3372
1529 1529
1529 1188
1530 1530
1530 344
1531 1531
1531 3037
1532 1532
1532 179
1533 1533
1533 711
1534 1534
1534 674
1535 1535
1535 650
1536 1536
1536 1146
1537 1537
1537 1735
1538 8
1538 294
1539 1539
1539 642
1540 1540
1540 1786
1541 1541
1541 81
1542 1542
1542 41
1543 1543
1543 2959
1544 1544
1544 2203
1545 1545
1545 126
1546 1546
1546 114
1547 1547
1547 3015
1548 1548
1548 331
1549 1549
1549 3044
1550 1550
1550 3570
1551 1551
1551 2245
1552 1552
1552 3246
1553 1553
1553 651
1554 1554
1554 3488
1555 1555
1555 2803
1556 1556
1556 44
1557 1557
1557 3606
1558 937
1558 1558
1559 1559
1559 617
1560 1560
1560 2271
1561 1561
1561 734
1562 1562
1562 613
1563 1563
1563 3446
1564 254
1564 1564
1565 1565
1565 788
1566 1566
1566 1165
1567 1567
1567 48
1568 1568
1568 2601
1569 1569
1569 1243
1570 1570
1570 3341
1571 1571
1571 230
1572 1572
1572 717
1573 1573
1573 1939
1574 1574
1574 43
1575 1575
1575 3487
1576 1576
1576 3502
1577 1577
1577 2566
1578 1578
1578 989
1579 1579
1579 2535
1580 1580
1580 261
1581 1581
1581 3812
1582 1582
1582 2729
1583 1583
1583 4024
1584 1584
1584 2129
1585 1585
1585 620
1586 1586
1586 3822
1587 1587
1587 3207
1588 1588
1588 346
1589 1589
1589 1284
1590 1590
1590 184
1591 1591
1591 8
1592 1592
1592 3975
1593 1593
1593 92
1594 1594
1594 2595
1595 1595
1595 2711
1596 1596
1596 2722
1597 1597
1597 1380
1598 1598
1598 2979
1599 1599
1599 2373
1600 1600
1600 230
1601 1601
1601 1461
1602 1602
1602 1269
1603 1603
1603 1748
1604 1604
1604 3543
1605 1605
1605 110
1606 1606
1606 2338
1607 1607
1607 3833
1608 1608
1608 3606
1609 1609
1609 1417
1610 1610
1610 37
1611 1611
1611 3480
1612 1612
1612 2197
1613 1613
1613 2809
1614 1614
1614 2252
1615 1615
1615 593
1616 1616
1616 2226
1617 1617
1617 153
1618 1618
1618 2687
1619 1619
1619 3063
1620 1620
1620 2737
1621 1621
1621 2925
1622 1622
1622 3415
1623 1623
1623 415
1624 1624
1624 1639
1625 1625
1625 4016
1626 1626
1626 618
1627 1627
1627 130
1628 1628
1628 149
1629 1629
1629 8
1630 1630
1630 412
1631 1631
1631 1909
1632 1632
1632 1230
1633 1633
1633 551
1634 1634
1634 3626
1635 1635
1635 2211
1636 1636
1636 2917
1637 1637
1637 2531
1638 1638
1638 2939
1639 1639
1639 1624
1640 1640
1640 1451
1641 1641
1641 1281
1642 1642
1642 1138
1643 1643
1643 547
1644 1644
1644 1775
1645 1645
1645 609
1646 1646
1646 1982
1647 1647
1647 1672
1648 1648
1648 2787
1649 1649
1649 707
1650 1650
1650 1127
1651 1651
1651 809
1652 1652
1652 414
1653 1653
1653 2816
1654 1654
1654 819
1655 1655
1655 526
1656 1656
1656 3574
1657 1657
1657 1890
1658 1658
1658 1692
1659 1659
1659 694
1660 1660
1660 2085
1661 1661
1661 8
1662 1662
1662 1177
1663 1663
1663 2819
1664 1664
1664 3642
1665 1665
1665 3677
1666 1666
1666 2220
1667 1667
1667 378
1668 1668
1668 495
1669 1669
1669 3519
1670 1670
1670 2863
1671 1671
1671 3364
1672 1672
1672 707
1673 1673
1673 1873
1674 1674
1674 2835
1675 1675
1675 357
1676 1676
1676 989
1677 1677
1677 3343
1678 1678
1678 3010
1679 1679
1679 1055
1680 1680
1680 2122
1681 1681
1681 258
1682 1682
1682 2655
1683 1683
1683 650
1684 1684
1684 1895
1685 1685
1685 3888
1686 1686
1686 283
1687 1687
1687 3303
1688 1688
1688 8
1689 1689
1689 2838
1690 1690
1690 2434
1691 1691
1691 583
1692 1692
1692 2271
1693 1693
1693 130
1694 1694
1694 1047
1695 1695
1695 8
1696 1696
1696 1069
1697 1697
1697 743
1698 1698
1698 3971
1699 1699
1699 1393
1700 1136
1700 1316
1701 1701
1701 52
1702 1702
1702 1816
1703 1703
1703 1382
1704 1704
1704 3619
1705 1705
1705 650
1706 1706
1706 3482
1707 1707
1707 2399
1708 1708
1708 1986
1709 1709
1709 312
1710 1710
1710 312
1711 1711
1711 36
1712 1712
1712 569
1713 1713
1713 8
1714 1714
1714 222
1715 1715
1715 188
1716 1716
1716 3886
1717 1717
1717 2603
1718 1718
1718 514
1719 1719
1719 872
1720 1720
1720 3973
1721 1721
1721 2469
1722 1722
1722 2057
1723 1723
1723 8
1724 1724
1724 321
1725 1725
1725 2968
1726 1726
1726 2247
1727 1727
1727 14
1728 1728
1728 2132
1729 1729
1729 1889
1730 1730
1730 1757
1731 1731
1731 8
1732 1732
1732 163
1733 1733
1733 2912
1734 968
1734 1734
1735 1735
1735 1537
1736 1736
1736 3533
1737 905
1737 1737
1738 1738
1738 427
1739 1739
1739 2601
1740 1740
1740 2771
1741 1741
1741 161
1742 1742
1742 8
1743 1743
1743 1688
1744 1744
1744 3246
1745 1745
1745 104
1746 1746
1746 2491
1747 1747
1747 3077
1748 1748
1748 1603
1749 1749
1749 2205
1750 1750
1750 342
1751 1751
1751 279
1752 1752
1752 1614
1753 1753
1753 3242
1754 1754
1754 2342
1755 1755
1755 761
1756 1756
1756 1362
1757 1757
1757 1509
1758 1758
1758 8
1759 1759
1759 555
1760 1760
1760 1211
1761 1761
1761 199
1762 1762
1762 81
1763 1763
1763 8
1764 1764
1764 1821
1765 1765
1765 3356
1766 1766
1766 509
1767 1767
1767 2295
1768 1768
1768 2601
1769 1769
1769 8
1770 1770
1770 1453
1771 8
1771 294
1772 1772
1772 2186
1773 1773
1773 1815
1774 1774
1774 989
1775 1775
1775 8
1776 1776
1776 854
1777 1777
1777 1289
1778 1778
1778 487
1779 1779
1779 1983
1780 1780
1780 3587
1781 1781
1781 875
1782 1782
1782 2666
1783 1783
1783 2476
1784 1784
1784 3258
1785 1785
1785 8
1786 1786
1786 875
1787 1787
1787 7
1788 1788
1788 956
1789 1789
1789 388
1790 1790
1790 2348
1791 1791
1791 1727
1792 1792
1792 3118
1793 1793
1793 3263
1794 1794
1794 2073
1795 1795
1795 1289
1796 1506
1796 1796
1797 1797
1797 3165
1798 1798
1798 3335
1799 1799
1799 3843
1800 1800
1800 1882
1801 1801
1801 2680
1802 1802
1802 319
1803 1803
1803 92
1804 1804
1804 650
1805 1805
1805 834
1806 1806
1806 719
1807 1807
1807 3496
1808 1808
1808 3206
1809 1809
1809 593
1810 1810
1810 1289
1811 1811
1811 2287
1812 1812
1812 1207
1813 1813
1813 8
1814 1814
1814 587
1815 1815
1815 2210
1816 1816
1816 1702
1817 1817
1817 1332
1818 1818
1818 3101
1819 1819
1819 2652
1820 1820
1820 428
1821 1821
1821 650
1822 1822
1822 8
1823 1823
1823 3546
1824 1824
1824 2235
1825 1825
1825 2072
1826 1826
1826 103
1827 1827
1827 618
1828 909
1828 1828
1829 1829
1829 634
1830 1830
1830 3325
1831 1831
1831 8
1832 1832
1832 1885
1833 1833
1833 1
1834 1834
1834 3568
1835 1835
1835 2073
1836 1836
1836 2487
1837 1837
1837 3606
1838 1838
1838 312
1839 1839
1839 4043
1840 1840
1840 2435
1841 1841
1841 378
1842 1842
1842 2707
1843 1843
1843 179
1844 1844
1844 3844
1845 1845
1845 208
1846 1846
1846 405
1847 1847
1847 3319
1848 1848
1848 864
1849 1849
1849 2483
1850 1850
1850 2820
1851 1851
1851 3282
1852 1852
1852 8
1853 1853
1853 2930
1854 40
1854 1854
1855 1855
1855 305
1856 1856
1856 482
1857 1857
1857 606
1858 1858
1858 2488
1859 1859
1859 2299
1860 1860
1860 1503
1861 1861
1861 1168
1862 1862
1862 2778
1863 1863
1863 1693
1864 1864
1864 179
1865 1865
1865 1562
1866 1866
1866 638
1867 1867
1867 2779
1868 1868
1868 0
1869 1869
1869 2358
1870 1870
1870 793
1871 1871
1871 3771
1872 1872
1872 2906
1873 1873
1873 1673
1874 1874
1874 3069
1875 1875
1875 663
1876 1876
1876 538
1877 1877
1877 35
1878 1878
1878 2521
1879 1879
1879 2407
1880 1880
1880 1831
1881 1881
1881 2633
1882 1882
1882 2578
1883 1883
1883 2999
1884 1884
1884 1176
1885 1885
1885 2310
1886 1886
1886 28
1887 1887
1887 3674
1888 1888
1888 248
1889 1889
1889 8
1890 1890
1890 801
1891 1891
1891 2437
1892 1892
1892 3624
1893 1893
1893 2378
1894 1894
1894 1211
1895 1895
1895 1684
1896 1896
1896 366
1897 1897
1897 805
1898 1898
1898 2937
1899 1899
1899 2483
1900 1900
1900 3990
1901 1901
1901 92
1902 1902
1902 2898
1903 1903
1903 1609
1904 1904
1904 1662
1905 1905
1905 867
1906 1906
1906 8
1907 1907
1907 1515
1908 1908
1908 150
1909 1909
1909 733
1910 1910
1910 1713
1911 1911
1911 2390
1912 1912
1912 457
1913 1913
1913 580
1914 1914
1914 989
1915 1915
1915 59
1916 1916
1916 2061
1917 1917
1917 1128
1918 1918
1918 2922
1919 1919
1919 3421
1920 1920
1920 875
1921 1921
1921 662
1922 255
1922 1922
1923 1923
1923 62
1924 1924
1924 1944
1925 1925
1925 2384
1926 1926
1926 282
1927 1927
1927 483
1928 1928
1928 2639
1929 1929
1929 2669
1930 1930
1930 1289
1931 1931
1931 875
1932 1932
1932 3143
1933 1933
1933 731
1934 1934
1934 2798
1935 1935
1935 3895
1936 1936
1936 496
1937 1937
1937 1322
1938 1938
1938 153
1939 1939
1939 3158
1940 1940
1940 799
1941 1941
1941 1519
1942 1942
1942 414
1943 1943
1943 603
1944 1924
1944 1944
1945 1945
1945 2656
1946 1946
1946 901
1947 1947
1947 3136
1948 1948
1948 3543
1949 1949
1949 3426
1950 1950
1950 2271
1951 1951
1951 788
1952 1952
1952 1688
1953 1953
1953 980
1954 1954
1954 296
1955 1955
1955 1692
1956 1956
1956 2961
1957 1957
1957 2060
1958 1958
1958 1388
1959 1959
1959 3642
1960 1960
1960 468
1961 1961
1961 650
1962 1962
1962 1398
1963 1963
1963 3396
1964 1964
1964 347
1965 1965
1965 2100
1966 1966
1966 3217
1967 1967
1967 179
1968 1968
1968 1289
1969 1969
1969 3192
1970 1970
1970 733
1971 1971
1971 788
1972 1972
1972 3941
1973 1973
1973 1780
1974 1974
1974 2210
1975 779
1975 870
1976 1976
1976 1362
1977 1977
1977 433
1978 1978
1978 2845
1979 1979
1979 3095
1980 1980
1980 1649
1981 1981
1981 41
1982 1982
1982 1456
1983 1983
1983 358
1984 1984
1984 29
1985 1985
1985 264
1986 1986
1986 1708
1987 1987
1987 2301
1988 1988
1988 374
1989 1989
1989 1522
1990 1990
1990 378
1991 1991
1991 414
1992 1992
1992 3243
1993 1993
1993 3117
1994 1994
1994 295
1995 1995
1995 8
1996 1996
1996 8
1997 1997
1997 1460
1998 1998
1998 1692
1999 1999
1999 2881
2000 2000
2000 3165
2001 2001
2001 2685
2002 2002
2002 1804
2003 2003
2003 3139
2004 2004
2004 4014
2005 41
2005 2005
2006 2006
2006 215
2007 2007
2007 81
2008 1002
2008 2008
2009 2009
2009 3297
2010 2010
2010 3203
2011 2011
2011 1017
2012 2012
2012 875
2013 2013
2013 3950
2014 2014
2014 157
2015 2015
2015 8
2016 2016
2016 3069
2017 2017
2017 902
2018 2018
2018 612
2019 2019
2019 298
2020 2020
2020 107
2021 2021
2021 3258
2022 2022
2022 3583
2023 2023
2023 3548
2024 2024
2024 2540
2025 2025
2025 3405
2026 2026
2026 1713
2027 2027
2027 378
2028 2028
2028 3305
2029 2029
2029 3515
2030 2030
2030 3521
2031 2031
2031 1496
2032 2032
2032 8
2033 2033
2033 1353
2034 2034
2034 1354
2035 2035
2035 468
2036 2036
2036 660
2037 2037
2037 2870
2038 2038
2038 1799
2039 2039
2039 363
2040 2040
2040 3340
2041 2041
2041 91
2042 2042
2042 3119
2043 2043
2043 1006
2044 2044
2044 1128
2045 2045
2045 2833
2046 2046
2046 8
2047 2047
2047 930
2048 2048
2048 640
2049 2049
2049 888
2050 2050
2050 3626
2051 2051
2051 2774
2052 2052
2052 733
2053 2053
2053 8
2054 2054
2054 528
2055 2055
2055 2538
2056 2056
2056 39
2057 2057
2057 1722
2058 2058
2058 3931
2059 2059
2059 1803
2060 2060
2060 1957
2061 2061
2061 1916
2062 2062
2062 1175
2063 2063
2063 345
2064 2064
2064 2749
2065 2065
2065 3079
2066 2066
2066 420
2067 2067
2067 1380
2068 2068
2068 2416
2069 2069
2069 3161
2070 1439
2070 2070
2071 2071
2071 2447
2072 1825
2072 2072
2073 2073
2073 384
2074 2074
2074 3543
2075 2075
2075 8
2076 8
2076 294
2077 2077
2077 436
2078 2078
2078 2342
2079 2079
2079 3083
2080 2080
2080 2203
2081 2081
2081 967
2082 2082
2082 1333
2083 2083
2083 378
2084 2084
2084 734
2085 2085
2085 2532
2086 2086
2086 610
2087 2087
2087 2845
2088 2088
2088 793
2089 2089
2089 2978
2090 2090
2090 4046
2091 2091
2091 1467
2092 2092
2092 99
2093 2093
2093 271
2094 2094
2094 731
2095 2095
2095 1080
2096 2096
2096 1089
2097 2097
2097 3961
2098 2098
2098 3373
2099 2099
2099 1272
2100 1965
2100 2100
2101 2101
2101 621
2102 2102
2102 1098
2103 2103
2103 2816
2104 2104
2104 2914
2105 2105
2105 3350
2106 2106
2106 2137
2107 8
2107 294
2108 2108
2108 1292
2109 2109
2109 1428
2110 2110
2110 400
2111 2111
2111 1001
2112 2112
2112 3822
2113 2113
2113 2243
2114 2114
2114 3252
2115 2115
2115 71
2116 2116
2116 3148
2117 8
2117 294
2118 2118
2118 1365
2119 2119
2119 2988
2120 2120
2120 3753
2121 2121
2121 3725
2122 2122
2122 3565
2123 2123
2123 3766
2124 2124
2124 3128
2125 2125
2125 3038
2126 2126
2126 2280
2127 2127
2127 3670
2128 2128
2128 189
2129 2129
2129 1584
2130 2130
2130 852
2131 2131
2131 426
2132 2132
2132 3117
2133 2133
2133 3885
2134 2134
2134 8
2135 2135
2135 1970
2136 2136
2136 3303
2137 2137
2137 2106
2138 2138
2138 2259
2139 1165
2139 2139
2140 2140
2140 53
2141 2141
2141 1112
2142 2142
2142 2386
2143 2143
2143 2985
2144 2144
2144 1229
2145 2145
2145 179
2146 2146
2146 1235
2147 2147
2147 2499
2148 2148
2148 2325
2149 2149
2149 2423
2150 2150
2150 2572
2151 2151
2151 2516
2152 2152
2152 704
2153 2153
2153 3164
2154 2154
2154 2655
2155 2155
2155 2975
2156 2156
2156 586
2157 2157
2157 179
2158 2158
2158 236
2159 2159
2159 3512
2160 2160
2160 2965
2161 2161
2161 161
2162 2162
2162 4009
2163 2163
2163 146
2164 2164
2164 318
2165 2165
2165 2601
2166 2166
2166 3936
2167 2167
2167 348
2168 2168
2168 74
2169 2169
2169 624
2170 537
2170 828
2171 2171
2171 325
2172 2172
2172 1604
2173 2173
2173 1829
2174 2174
2174 1054
2175 2175
2175 3923
2176 2176
2176 2579
2177 2177
2177 8
2178 2178
2178 2171
2179 2179
2179 10
2180 1211
2180 2180
2181 2181
2181 882
2182 2182
2182 26
2183 2183
2183 825
2184 2184
2184 378
2185 2185
2185 707
2186 2186
2186 1772
2187 2187
2187 2864
2188 2188
2188 1353
2189 2189
2189 8
2190 875
2190 1299
2191 2191
2191 650
2192 2192
2192 2982
2193 2193
2193 1831
2194 2194
2194 1425
2195 2195
2195 1232
2196 2196
2196 3684
2197 2197
2197 1612
2198 1020
2198 2198
2199 2199
2199 2959
2200 2200
2200 826
2201 2201
2201 534
2202 2202
2202 4055
2203 2203
2203 2080
2204 2204
2204 1982
2205 2205
2205 319
2206 2206
2206 788
2207 2207
2207 0
2208 2208
2208 3970
2209 2209
2209 3478
2210 2210
2210 378
2211 2211
2211 731
2212 2212
2212 8
2213 2213
2213 648
2214 2214
2214 1179
2215 2215
2215 3935
2216 2216
2216 2981
2217 2217
2217 3367
2218 2218
2218 2756
2219 2219
2219 8
2220 2220
2220 1666
2221 989
2221 2221
2222 2222
2222 71
2223 2223
2223 402
2224 2224
2224 3295
2225 2225
2225 970
2226 2226
2226 1616
2227 2227
2227 2306
2228 2228
2228 343
2229 2229
2229 3954
2230 2230
2230 2825
2231 2231
2231 319
2232 2232
2232 1031
2233 2233
2233 3625
2234 2234
2234 3827
2235 2235
2235 2785
2236 2236
2236 550
2237 2237
2237 788
2238 2238
2238 2724
2239 2239
2239 3379
2240 2240
2240 299
2241 2241
2241 650
2242 2242
2242 8
2243 2243
2243 1126
2244 2244
2244 1911
2245 2245
2245 1551
2246 2246
2246 949
2247 2247
2247 2986
2248 2248
2248 179
2249 2249
2249 593
2250 2250
2250 472
2251 2251
2251 2845
2252 2252
2252 1211
2253 2253
2253 2402
2254 2254
2254 1518
2255 2255
2255 1197
2256 2256
2256 924
2257 1439
2257 2070
2258 2258
2258 624
2259 2138
2259 2259
2260 2260
2260 3125
2261 2261
2261 1980
2262 2262
2262 2560
2263 2263
2263 230
2264 2264
2264 2303
2265 2265
2265 549
2266 2266
2266 3146
2267 2267
2267 1127
2268 2268
2268 8
2269 2269
2269 1781
2270 2270
2270 3884
2271 2271
2271 1692
2272 1017
2272 2272
2273 2273
2273 1635
2274 2274
2274 555
2275 2275
2275 71
2276 2276
2276 2845
2277 2277
2277 3872
2278 2278
2278 2566
2279 2279
2279 3533
2280 2280
2280 2126
2281 2281
2281 2919
2282 2282
2282 3460
2283 2283
2283 2578
2284 2284
2284 8
2285 2285
2285 2006
2286 2286
2286 426
2287 2287
2287 2921
2288 2288
2288 650
2289 2289
2289 3931
2290 2290
2290 3303
2291 2291
2291 3497
2292 2292
2292 2537
2293 2293
2293 520
2294 2294
2294 674
2295 1767
2295 2295
2296 2296
2296 179
2297 2297
2297 1983
2298 2298
2298 1440
2299 2299
2299 1859
2300 2300
2300 62
2301 2301
2301 1769
2302 2302
2302 2888
2303 2303
2303 2264
2304 2304
2304 3673
2305 2305
2305 2252
2306 2306
2306 1353
2307 2307
2307 1738
2308 2308
2308 8
2309 2309
2309 3151
2310 2310
2310 451
2311 2311
2311 3843
2312 2312
2312 352
2313 2313
2313 650
2314 2314
2314 593
2315 2315
2315 650
2316 2316
2316 2779
2317 2317
2317 2923
2318 2318
2318 3157
2319 2319
2319 3505
2320 2320
2320 1006
2321 2321
2321 449
2322 2322
2322 209
2323 2323
2323 2459
2324 1429
2324 2324
2325 2325
2325 2148
2326 2326
2326 8
2327 2327
2327 3424
2328 2328
2328 3416
2329 2329
2329 62
2330 2330
2330 1211
2331 2331
2331 41
2332 2332
2332 1215
2333 2333
2333 3520
2334 2334
2334 725
2335 2335
2335 2477
2336 2336
2336 3148
2337 2337
2337 1292
2338 1606
2338 2338
2339 2339
2339 343
2340 2340
2340 190
2341 2341
2341 1037
2342 2342
2342 1754
2343 2343
2343 2158
2344 2344
2344 2949
2345 2345
2345 770
2346 2346
2346 609
2347 2347
2347 325
2348 2348
2348 1790
2349 2349
2349 3407
2350 2350
2350 2191
2351 2351
2351 282
2352 2352
2352 208
2353 2353
2353 3412
2354 2354
2354 24
2355 2355
2355 8
2356 1425
2356 2356
2357 2357
2357 276
2358 1869
2358 2358
2359 2359
2359 8
2360 2360
2360 3935
2361 2361
2361 538
2362 2362
2362 1153
2363 2363
2363 822
2364 2364
2364 1394
2365 2365
2365 1669
2366 2366
2366 3368
2367 2367
2367 2563
2368 2368
2368 800
2369 2369
2369 4012
2370 2370
2370 760
2371 2371
2371 179
2372 2372
2372 1496
2373 2373
2373 1599
2374 2374
2374 2789
2375 2375
2375 1200
2376 2376
2376 832
2377 2377
2377 2383
2378 2378
2378 1893
2379 2379
2379 2655
2380 2380
2380 193
2381 2381
2381 326
2382 2382
2382 1061
2383 2383
2383 766
2384 2384
2384 1925
2385 2385
2385 2266
2386 2386
2386 2790
2387 2387
2387 603
2388 1139
2388 2388
2389 2389
2389 4045
2390 2390
2390 1911
2391 2391
2391 41
2392 2392
2392 788
2393 2393
2393 551
2394 2394
2394 994
2395 2395
2395 1165
2396 2396
2396 2636
2397 2397
2397 1521
2398 728
2398 2398
2399 2399
2399 1707
2400 2400
2400 1849
2401 2401
2401 1257
2402 2402
2402 2253
2403 2403
2403 2845
2404 2404
2404 939
2405 2405
2405 749
2406 2406
2406 8
2407 2407
2407 1727
2408 2408
2408 2884
2409 2409
2409 2537
2410 2410
2410 656
2411 2411
2411 2458
2412 2412
2412 3725
2413 1514
2413 2413
2414 2414
2414 1723
2415 2415
2415 1980
2416 2416
2416 2068
2417 2417
2417 1050
2418 2418
2418 3970
2419 2419
2419 179
2420 2420
2420 3038
2421 2421
2421 78
2422 2422
2422 23
2423 2423
2423 3527
2424 2424
2424 3336
2425 2425
2425 566
2426 1381
2426 2426
2427 2427
2427 3380
2428 2428
2428 3340
2429 2429
2429 3990
2430 2430
2430 468
2431 2431
2431 77
2432 2432
2432 200
2433 2433
2433 1634
2434 2434
2434 8
2435 2435
2435 1840
2436 241
2436 2436
2437 2437
2437 650
2438 2438
2438 157
2439 2439
2439 2414
2440 1519
2440 2440
2441 2441
2441 1190
2442 2442
2442 3971
2443 2443
2443 1353
2444 2444
2444 3784
2445 2445
2445 2457
2446 2446
2446 1222
2447 2447
2447 850
2448 826
2448 2448
2449 2449
2449 93
2450 2450
2450 873
2451 2451
2451 1713
2452 2452
2452 3882
2453 2453
2453 3354
2454 1496
2454 2454
2455 2455
2455 3113
2456 2456
2456 1055
2457 2457
2457 1503
2458 2458
2458 2411
2459 2459
2459 2323
2460 2460
2460 217
2461 2461
2461 41
2462 2462
2462 3295
2463 2463
2463 2271
2464 2464
2464 1013
2465 2465
2465 377
2466 2466
2466 1189
2467 2467
2467 3722
2468 2468
2468 2406
2469 2469
2469 368
2470 2470
2470 563
2471 2471
2471 174
2472 2472
2472 8
2473 2473
2473 1165
2474 2474
2474 2620
2475 2475
2475 1667
2476 2476
2476 1783
2477 2477
2477 2335
2478 2478
2478 3371
2479 2479
2479 3281
2480 2480
2480 2391
2481 2481
2481 3180
2482 2482
2482 173
2483 2483
2483 7
2484 2484
2484 1318
2485 2485
2485 1982
2486 2486
2486 1713
2487 2487
2487 690
2488 2488
2488 1858
2489 2489
2489 3698
2490 2490
2490 3386
2491 1746
2491 2491
2492 2492
2492 989
2493 2493
2493 3275
2494 2494
2494 1227
2495 2495
2495 1289
2496 2496
2496 2958
2497 2497
2497 179
2498 2498
2498 2741
2499 2499
2499 1772
2500 2500
2500 672
2501 2501
2501 319
2502 2502
2502 1006
2503 2503
2503 760
2504 2504
2504 2514
2505 2505
2505 2604
2506 2506
2506 539
2507 2507
2507 8
2508 2508
2508 3599
2509 2509
2509 414
2510 2510
2510 1765
2511 2511
2511 1688
2512 2512
2512 3351
2513 2513
2513 2248
2514 2514
2514 3730
2515 2515
2515 1484
2516 2516
2516 2151
2517 2517
2517 1373
2518 2518
2518 614
2519 2519
2519 1471
2520 2520
2520 379
2521 2521
2521 1878
2522 2522
2522 538
2523 2523
2523 351
2524 2524
2524 319
2525 2525
2525 8
2526 2526
2526 1016
2527 2527
2527 2614
2528 2528
2528 2837
2529 2529
2529 286
2530 2530
2530 1889
2531 2531
2531 1637
2532 2532
2532 2085
2533 2533
2533 1227
2534 2534
2534 2689
2535 2535
2535 1579
2536 2536
2536 593
2537 2537
2537 111
2538 2538
2538 8
2539 2539
2539 1144
2540 2024
2540 2540
2541 2541
2541 2845
2542 2542
2542 126
2543 2543
2543 3258
2544 2544
2544 2779
2545 2545
2545 3258
2546 2546
2546 3354
2547 2547
2547 3523
2548 2548
2548 2074
2549 2549
2549 1747
2550 2550
2550 2914
2551 2551
2551 468
2552 2552
2552 1514
2553 2553
2553 1292
2554 2554
2554 147
2555 2555
2555 575
2556 1136
2556 1316
2557 2557
2557 179
2558 2558
2558 468
2559 2559
2559 2780
2560 2560
2560 3683
2561 2561
2561 3145
2562 2562
2562 745
2563 2563
2563 2367
2564 2564
2564 2130
2565 2565
2565 1786
2566 2566
2566 802
2567 2567
2567 2837
2568 2568
2568 354
2569 2569
2569 2444
2570 2570
2570 50
2571 2571
2571 586
2572 2572
2572 2150
2573 2573
2573 343
2574 2574
2574 3228
2575 2575
2575 2449
2576 2576
2576 2308
2577 2577
2577 3354
2578 2578
2578 3208
2579 2579
2579 1131
2580 2580
2580 3307
2581 2581
2581 517
2582 2582
2582 580
2583 2583
2583 2483
2584 2584
2584 1864
2585 2585
2585 2600
2586 2586
2586 3493
2587 2587
2587 2779
2588 2588
2588 179
2589 2589
2589 1518
2590 2590
2590 1982
2591 2591
2591 261
2592 2592
2592 1786
2593 2593
2593 276
2594 2594
2594 130
2595 1594
2595 2595
2596 2596
2596 2731
2597 2597
2597 462
2598 2598
2598 882
2599 2599
2599 1656
2600 2600
2600 2585
2601 2601
2601 1179
2602 2602
2602 892
2603 2603
2603 1717
2604 2505
2604 2604
2605 2605
2605 3698
2606 2606
2606 378
2607 2607
2607 2757
2608 2608
2608 1692
2609 2609
2609 1087
2610 2610
2610 357
2611 2611
2611 1211
2612 312
2612 2612
2613 2613
2613 3591
2614 2614
2614 2527
2615 2615
2615 8
2616 2616
2616 2960
2617 2617
2617 959
2618 2618
2618 946
2619 2619
2619 312
2620 2620
2620 2474
2621 2621
2621 1321
2622 2622
2622 590
2623 2623
2623 1136
2624 2624
2624 977
2625 2625
2625 2113
2626 2626
2626 1293
2627 2627
2627 8
2628 2628
2628 1983
2629 2629
2629 378
2630 2630
2630 309
2631 2631
2631 8
2632 2632
2632 8
2633 2633
2633 1881
2634 2634
2634 3278
2635 2635
2635 58
2636 2636
2636 2396
2637 2637
2637 2690
2638 1317
2638 2638
2639 2639
2639 84
2640 2640
2640 788
2641 2641
2641 2251
2642 2642
2642 3373
2643 2643
2643 8
2644 2644
2644 2073
2645 2645
2645 3711
2646 2646
2646 317
2647 2647
2647 2727
2648 2648
2648 8
2649 2649
2649 1066
2650 2650
2650 3772
2651 2651
2651 2152
2652 2652
2652 1819
2653 2653
2653 8
2654 2654
2654 3676
2655 2655
2655 2661
2656 2656
2656 1945
2657 2657
2657 283
2658 2658
2658 169
2659 2659
2659 3093
2660 2660
2660 2537
2661 2661
2661 875
2662 2662
2662 2242
2663 2663
2663 8
2664 2664
2664 8
2665 2665
2665 3856
2666 2666
2666 1782
2667 2667
2667 341
2668 2668
2668 1027
2669 2669
2669 1929
2670 2670
2670 593
2671 2671
2671 3766
2672 2672
2672 1166
2673 2673
2673 278
2674 2674
2674 863
2675 2675
2675 3
2676 2676
2676 8
2677 2677
2677 2210
2678 2678
2678 1362
2679 2679
2679 3892
2680 1801
2680 2680
2681 2681
2681 1466
2682 2682
2682 3598
2683 2683
2683 8
2684 2684
2684 2783
2685 2001
2685 2685
2686 2686
2686 3543
2687 2687
2687 2994
2688 2688
2688 3992
2689 2689
2689 1327
2690 2690
2690 2637
2691 2691
2691 642
2692 2692
2692 3916
2693 2693
2693 593
2694 2694
2694 1159
2695 2695
2695 3708
2696 2696
2696 899
2697 2697
2697 3493
2698 2698
2698 3606
2699 2699
2699 1777
2700 2700
2700 724
2701 2701
2701 555
2702 2702
2702 2623
2703 2703
2703 2681
2704 2704
2704 947
2705 1454
2705 2705
2706 2706
2706 1199
2707 2707
2707 8
2708 2708
2708 507
2709 2709
2709 1646
2710 2710
2710 4054
2711 1595
2711 2711
2712 2712
2712 875
2713 2713
2713 2252
2714 2714
2714 2912
2715 2715
2715 3049
2716 2716
2716 1582
2717 2717
2717 378
2718 1219
2718 2718
2719 2719
2719 826
2720 2720
2720 437
2721 378
2721 2721
2722 2722
2722 358
2723 2723
2723 1133
2724 2724
2724 2238
2725 2725
2725 1667
2726 2726
2726 575
2727 2727
2727 2647
2728 2728
2728 182
2729 2729
2729 1582
2730 2730
2730 3263
2731 2731
2731 2252
2732 1323
2732 2732
2733 2733
2733 1303
2734 2734
2734 3325
2735 2735
2735 8
2736 2736
2736 2210
2737 2737
2737 1620
2738 2738
2738 2447
2739 1397
2739 2739
2740 2740
2740 758
2741 2498
2741 2741
2742 2742
2742 312
2743 2743
2743 1195
2744 2744
2744 3630
2745 2745
2745 1234
2746 2746
2746 1889
2747 2747
2747 3040
2748 2748
2748 3178
2749 2749
2749 803
2750 2750
2750 81
2751 2751
2751 650
2752 2752
2752 2852
2753 2753
2753 430
2754 2754
2754 3564
2755 2755
2755 3148
2756 2218
2756 2756
2757 2757
2757 733
2758 2758
2758 2340
2759 2759
2759 2241
2760 2760
2760 2374
2761 2761
2761 2130
2762 2762
2762 2945
2763 2763
2763 3902
2764 2764
2764 1395
2765 2765
2765 1160
2766 2766
2766 2282
2767 2767
2767 179
2768 2768
2768 1128
2769 2769
2769 1289
2770 2770
2770 706
2771 2771
2771 2845
2772 2772
2772 1190
2773 2773
2773 228
2774 2774
2774 3542
2775 2775
2775 961
2776 2776
2776 788
2777 2777
2777 1289
2778 2778
2778 1862
2779 2779
2779 8
2780 2780
2780 989
2781 2781
2781 8
2782 2782
2782 3390
2783 2783
2783 2684
2784 2784
2784 575
2785 2785
2785 1019
2786 2786
2786 875
2787 1648
2787 2787
2788 2788
2788 378
2789 2789
2789 3113
2790 2386
2790 2790
2791 2791
2791 650
2792 2792
2792 3138
2793 2793
2793 873
2794 2794
2794 2483
2795 2795
2795 177
2796 2796
2796 444
2797 2797
2797 2655
2798 1934
2798 2798
2799 2799
2799 2636
2800 2800
2800 8
2801 2801
2801 641
2802 2802
2802 3583
2803 2803
2803 1555
2804 2804
2804 926
2805 2805
2805 718
2806 2806
2806 307
2807 2807
2807 2913
2808 2808
2808 8
2809 2809
2809 1613
2810 733
2810 995
2811 2811
2811 1187
2812 2812
2812 813
2813 2813
2813 989
2814 2814
2814 2837
2815 2815
2815 1246
2816 2816
2816 1653
2817 2817
2817 2588
2818 2818
2818 3483
2819 2819
2819 1663
2820 2820
2820 1850
2821 2821
2821 1211
2822 2822
2822 3478
2823 2823
2823 866
2824 2824
2824 1194
2825 2825
2825 8
2826 2826
2826 2846
2827 2827
2827 921
2828 2828
2828 707
2829 2829
2829 3077
2830 2830
2830 144
2831 2831
2831 2564
2832 2832
2832 212
2833 2833
2833 2045
2834 2834
2834 1701
2835 2835
2835 1674
2836 2836
2836 468
2837 2837
2837 2567
2838 2838
2838 1689
2839 2839
2839 1869
2840 8
2840 294
2841 2841
2841 1058
2842 2842
2842 4025
2843 2843
2843 2483
2844 2844
2844 779
2845 2845
2845 8
2846 2846
2846 8
2847 2847
2847 3377
2848 2848
2848 1982
2849 2849
2849 8
2850 2850
2850 3163
2851 2851
2851 527
2852 2852
2852 3659
2853 2853
2853 8
2854 2854
2854 2883
2855 2855
2855 3413
2856 2856
2856 2938
2857 2857
2857 2274
2858 1017
2858 2272
2859 2859
2859 149
2860 2860
2860 2252
2861 2861
2861 3116
2862 2862
2862 3366
2863 2863
2863 1670
2864 2864
2864 3991
2865 2865
2865 3880
2866 2866
2866 4042
2867 2867
2867 4049
2868 2868
2868 170
2869 2869
2869 540
2870 2870
2870 3271
2871 2871
2871 104
2872 2872
2872 1513
2873 2873
2873 1321
2874 2874
2874 1613
2875 2875
2875 1595
2876 2876
2876 1289
2877 2877
2877 806
2878 2878
2878 924
2879 2879
2879 778
2880 2880
2880 494
2881 2881
2881 2811
2882 2882
2882 1321
2883 2883
2883 1211
2884 2884
2884 2408
2885 2885
2885 3640
2886 2886
2886 584
2887 2887
2887 8
2888 2888
2888 2302
2889 646
2889 910
2890 2890
2890 312
2891 2891
2891 1589
2892 2892
2892 3915
2893 2893
2893 650
2894 2894
2894 659
2895 2895
2895 2176
2896 2896
2896 296
2897 2897
2897 1353
2898 2898
2898 1902
2899 2899
2899 989
2900 2900
2900 947
2901 2901
2901 2967
2902 2902
2902 1713
2903 1019
2903 2903
2904 2904
2904 1506
2905 2905
2905 3042
2906 2906
2906 1872
2907 2907
2907 3758
2908 2908
2908 858
2909 2909
2909 3806
2910 2910
2910 1289
2911 2911
2911 3852
2912 2912
2912 2073
2913 2913
2913 1688
2914 2914
2914 2991
2915 8
2915 294
2916 2916
2916 28
2917 2917
2917 1636
2918 2918
2918 875
2919 2919
2919 3744
2920 2920
2920 3514
2921 2921
2921 2287
2922 2922
2922 1918
2923 2317
2923 2923
2924 2924
2924 2666
2925 2925
2925 868
2926 2926
2926 3639
2927 2927
2927 1982
2928 2928
2928 3047
2929 2929
2929 658
2930 2930
2930 1831
2931 221
2931 2931
2932 2932
2932 2496
2933 2933
2933 3550
2934 2934
2934 580
2935 2935
2935 2066
2936 2936
2936 2872
2937 1898
2937 2937
2938 2938
2938 2856
2939 2939
2939 1638
2940 2940
2940 1230
2941 2941
2941 179
2942 2942
2942 1153
2943 2943
2943 1769
2944 2944
2944 3918
2945 2945
2945 2762
2946 2946
2946 378
2947 2947
2947 2152
2948 2948
2948 296
2949 2949
2949 3085
2950 2950
2950 3366
2951 2951
2951 750
2952 2952
2952 3975
2953 2953
2953 291
2954 2954
2954 169
2955 2955
2955 721
2956 2956
2956 253
2957 2957
2957 3338
2958 2496
2958 2958
2959 2959
2959 3303
2960 2960
2960 3131
2961 2961
2961 1956
2962 2962
2962 194
2963 2963
2963 655
2964 2964
2964 775
2965 2965
2965 2160
2966 2966
2966 3403
2967 2967
2967 2901
2968 2968
2968 1786
2969 2969
2969 362
2970 2970
2970 1832
2971 2971
2971 8
2972 8
2972 294
2973 2973
2973 1514
2974 2974
2974 2355
2975 2975
2975 8
2976 2976
2976 2406
2977 2977
2977 3847
2978 2089
2978 2978
2979 2979
2979 1598
2980 2980
2980 3623
2981 2981
2981 1769
2982 2192
2982 2982
2983 2983
2983 2049
2984 2984
2984 362
2985 2985
2985 3285
2986 2986
2986 2247
2987 2987
2987 1889
2988 2988
2988 2119
2989 2989
2989 253
2990 2990
2990 3127
2991 2914
2991 2991
2992 2992
2992 3619
2993 2993
2993 3937
2994 2687
2994 2994
2995 2995
2995 1244
2996 2996
2996 8
2997 2997
2997 3742
2998 2998
2998 1861
2999 2999
2999 1883
3000 505
3000 1224
3001 3001
3001 1030
3002 3002
3002 2835
3003 1103
3003 3003
3004 3004
3004 2601
3005 866
3005 3005
3006 3006
3006 134
3007 3007
3007 2202
3008 3008
3008 2016
3009 3009
3009 3084
3010 3010
3010 990
3011 3011
3011 2154
3012 3012
3012 3374
3013 3013
3013 41
3014 3014
3014 3477
3015 3015
3015 1547
3016 406
3016 3016
3017 3017
3017 3085
3018 129
3018 3018
3019 3019
3019 270
3020 3020
3020 68
3021 3021
3021 775
3022 3022
3022 1513
3023 3023
3023 578
3024 3024
3024 369
3025 3025
3025 3887
3026 3026
3026 933
3027 3027
3027 3860
3028 3028
3028 881
3029 155
3029 3029
3030 3030
3030 875
3031 3031
3031 1262
3032 3032
3032 1746
3033 3033
3033 3728
3034 3034
3034 3569
3035 3035
3035 109
3036 3036
3036 2437
3037 3037
3037 1531
3038 3038
3038 650
3039 3039
3039 638
3040 3040
3040 378
3041 3041
3041 3182
3042 3042
3042 2905
3043 3043
3043 1822
3044 3044
3044 1549
3045 3045
3045 3419
3046 3046
3046 1211
3047 3047
3047 3450
3048 3048
3048 587
3049 3049
3049 3671
3050 869
3050 3050
3051 3051
3051 3900
3052 3052
3052 318
3053 3053
3053 699
3054 3054
3054 1353
3055 3055
3055 2820
3056 3056
3056 650
3057 3057
3057 8
3058 3058
3058 2914
3059 3059
3059 3536
3060 855
3060 3060
3061 3061
3061 1909
3062 3062
3062 3745
3063 3063
3063 1619
3064 3064
3064 3392
3065 3065
3065 1389
3066 3066
3066 548
3067 3067
3067 3415
3068 3068
3068 2567
3069 3069
3069 2016
3070 3070
3070 230
3071 3071
3071 2637
3072 3072
3072 3325
3073 3073
3073 358
3074 3074
3074 168
3075 3075
3075 264
3076 3076
3076 3082
3077 3077
3077 650
3078 3078
3078 3364
3079 2065
3079 3079
3080 3080
3080 3896
3081 3081
3081 3467
3082 3082
3082 730
3083 2079
3083 3083
3084 3084
3084 3009
3085 3085
3085 8
3086 3086
3086 731
3087 3087
3087 1008
3088 3088
3088 3122
3089 3089
3089 5
3090 1595
3090 2711
3091 3091
3091 2250
3092 3092
3092 1211
3093 3093
3093 2659
3094 3094
3094 1115
3095 3095
3095 1979
3096 3096
3096 2808
3097 3097
3097 827
3098 3098
3098 733
3099 3099
3099 2211
3100 3100
3100 2
3101 3101
3101 3490
3102 3102
3102 3073
3103 3103
3103 1831
3104 3104
3104 3246
3105 3105
3105 3122
3106 3106
3106 121
3107 3107
3107 3775
3108 3108
3108 1319
3109 3109
3109 170
3110 3110
3110 28
3111 1357
3111 3111
3112 3112
3112 1387
3113 3113
3113 1289
3114 3114
3114 733
3115 3115
3115 2819
3116 3116
3116 2861
3117 3117
3117 1993
3118 3118
3118 1792
3119 3119
3119 378
3120 3120
3120 2090
3121 3121
3121 1473
3122 3122
3122 370
3123 3123
3123 3607
3124 3124
3124 806
3125 3125
3125 416
3126 3126
3126 3306
3127 3127
3127 1285
3128 3128
3128 2124
3129 3129
3129 483
3130 3130
3130 768
3131 3131
3131 989
3132 3132
3132 2462
3133 3133
3133 3703
3134 1211
3134 2180
3135 3135
3135 1179
3136 1947
3136 3136
3137 3137
3137 959
3138 3138
3138 1331
3139 3139
3139 1667
3140 3140
3140 3625
3141 3141
3141 3843
3142 3142
3142 3402
3143 3143
3143 1932
3144 3144
3144 1418
3145 3145
3145 312
3146 3146
3146 2266
3147 3147
3147 130
3148 3148
3148 2336
3149 3149
3149 2938
3150 3150
3150 3108
3151 3151
3151 2309
3152 1489
3152 3152
3153 8
3153 294
3154 3154
3154 45
3155 3155
3155 2791
3156 3156
3156 2661
3157 3157
3157 2318
3158 3158
3158 1939
3159 3159
3159 875
3160 3160
3160 2089
3161 3161
3161 646
3162 3162
3162 806
3163 3163
3163 856
3164 3164
3164 2153
3165 3165
3165 2000
3166 233
3166 1151
3167 3167
3167 3808
3168 3168
3168 252
3169 3169
3169 1882
3170 3170
3170 2347
3171 3171
3171 1872
3172 3172
3172 593
3173 3173
3173 3828
3174 1288
3174 3174
3175 3175
3175 3366
3176 3176
3176 1667
3177 3177
3177 1211
3178 3178
3178 8
3179 3179
3179 41
3180 3180
3180 2481
3181 3181
3181 3363
3182 3182
3182 3041
3183 3183
3183 638
3184 3184
3184 1303
3185 3185
3185 2888
3186 3186
3186 2187
3187 3187
3187 693
3188 3188
3188 1353
3189 3189
3189 2068
3190 3190
3190 3551
3191 3191
3191 1481
3192 3192
3192 1353
3193 1443
3193 3193
3194 3194
3194 1432
3195 3195
3195 3845
3196 3196
3196 501
3197 3197
3197 3706
3198 3198
3198 2707
3199 3199
3199 877
3200 3200
3200 1063
3201 3201
3201 3335
3202 3202
3202 3868
3203 3203
3203 2010
3204 3204
3204 2561
3205 3205
3205 3180
3206 1808
3206 3206
3207 3207
3207 1587
3208 3208
3208 2578
3209 3209
3209 1190
3210 3210
3210 618
3211 3211
3211 3737
3212 3212
3212 1211
3213 3213
3213 733
3214 3214
3214 3444
3215 3215
3215 8
3216 3216
3216 2537
3217 3217
3217 1966
3218 3218
3218 56
3219 3219
3219 8
3220 3220
3220 2914
3221 3221
3221 343
3222 3222
3222 3077
3223 3223
3223 3030
3224 3224
3224 16
3225 3225
3225 613
3226 3226
3226 2960
3227 3227
3227 796
3228 3228
3228 2574
3229 3229
3229 888
3230 3230
3230 2846
3231 3231
3231 3837
3232 3232
3232 3976
3233 3233
3233 986
3234 3234
3234 455
3235 3235
3235 3540
3236 3236
3236 1604
3237 3237
3237 81
3238 3238
3238 1179
3239 3239
3239 981
3240 3240
3240 1144
3241 3241
3241 8
3242 3242
3242 952
3243 1992
3243 3243
3244 3244
3244 8
3245 3245
3245 572
3246 3246
3246 1552
3247 3247
3247 179
3248 3248
3248 1186
3249 3249
3249 322
3250 3250
3250 87
3251 3251
3251 593
3252 3252
3252 1017
3253 3253
3253 394
3254 3254
3254 997
3255 3255
3255 3309
3256 3256
3256 3167
3257 3257
3257 3739
3258 3258
3258 8
3259 3259
3259 4035
3260 3260
3260 955
3261 3261
3261 2845
3262 3262
3262 810
3263 3263
3263 2730
3264 3264
3264 1082
3265 3265
3265 260
3266 3266
3266 3826
3267 3267
3267 961
3268 3268
3268 8
3269 3269
3269 408
3270 8
3270 294
3271 3271
3271 2870
3272 3272
3272 793
3273 3273
3273 179
3274 3274
3274 1982
3275 3275
3275 3563
3276 3276
3276 1035
3277 3277
3277 3551
3278 3278
3278 2634
3279 3279
3279 8
3280 3280
3280 3755
3281 3281
3281 1197
3282 3282
3282 3710
3283 3283
3283 1370
3284 968
3284 1734
3285 3285
3285 3885
3286 3286
3286 593
3287 3287
3287 3966
3288 386
3288 3288
3289 3289
3289 73
3290 3290
3290 2016
3291 3291
3291 3886
3292 732
3292 3292
3293 3293
3293 3739
3294 3294
3294 875
3295 3295
3295 2462
3296 3296
3296 371
3297 3297
3297 2009
3298 3298
3298 3623
3299 3299
3299 3765
3300 3300
3300 3420
3301 3301
3301 890
3302 3302
3302 3701
3303 3303
3303 8
3304 3304
3304 57
3305 3305
3305 2028
3306 3126
3306 3306
3307 2580
3307 3307
3308 3308
3308 343
3309 3309
3309 3255
3310 3310
3310 2284
3311 3311
3311 1017
3312 3312
3312 3846
3313 3313
3313 3507
3314 3314
3314 1035
3315 3315
3315 3069
3316 3316
3316 731
3317 3317
3317 1312
3318 3318
3318 157
3319 3319
3319 1847
3320 1496
3320 2454
3321 3321
3321 993
3322 893
3322 3322
3323 1606
3323 2338
3324 3324
3324 3560
3325 3325
3325 8
3326 3326
3326 1472
3327 3327
3327 2770
3328 3328
3328 880
3329 3329
3329 164
3330 3330
3330 3958
3331 3331
3331 3056
3332 3332
3332 3303
3333 3333
3333 8
3334 3334
3334 562
3335 3335
3335 1798
3336 3336
3336 2424
3337 3337
3337 4044
3338 3338
3338 2957
3339 3339
3339 619
3340 3340
3340 2428
3341 3341
3341 1570
3342 3342
3342 170
3343 3343
3343 1677
3344 3344
3344 3583
3345 8
3345 294
3346 3346
3346 2914
3347 3347
3347 1604
3348 3348
3348 2027
3349 2505
3349 2604
3350 3350
3350 2105
3351 3351
3351 2552
3352 3352
3352 2095
3353 3353
3353 1289
3354 3354
3354 3455
3355 3355
3355 304
3356 1765
3356 3356
3357 3357
3357 302
3358 3358
3358 1314
3359 3359
3359 3840
3360 3360
3360 1400
3361 3361
3361 609
3362 3362
3362 2811
3363 3363
3363 3181
3364 3364
3364 2252
3365 3365
3365 1177
3366 3366
3366 176
3367 2217
3367 3367
3368 3368
3368 2366
3369 3369
3369 1239
3370 3370
3370 1439
3371 2478
3371 3371
3372 3372
3372 1528
3373 3373
3373 2098
3374 3374
3374 3012
3375 3375
3375 242
3376 3376
3376 481
3377 3377
3377 1179
3378 3378
3378 2825
3379 3379
3379 1327
3380 3380
3380 2427
3381 3381
3381 2911
3382 3382
3382 1301
3383 3383
3383 926
3384 3384
3384 1667
3385 3385
3385 1211
3386 3386
3386 477
3387 3387
3387 3087
3388 3388
3388 650
3389 3389
3389 41
3390 3390
3390 1137
3391 3391
3391 1769
3392 3064
3392 3392
3393 3393
3393 3756
3394 3394
3394 2447
3395 3395
3395 593
3396 3396
3396 1963
3397 3397
3397 303
3398 1136
3398 1316
3399 3399
3399 275
3400 3400
3400 1211
3401 3401
3401 989
3402 3402
3402 177
3403 2966
3403 3403
3404 3404
3404 1281
3405 3405
3405 263
3406 3406
3406 871
3407 3407
3407 296
3408 3408
3408 8
3409 3409
3409 1070
3410 3410
3410 4005
3411 3411
3411 2811
3412 3412
3412 2353
3413 3413
3413 8
3414 3414
3414 650
3415 3415
3415 737
3416 3416
3416 2328
3417 3417
3417 650
3418 3418
3418 1996
3419 3419
3419 1974
3420 3420
3420 691
3421 3421
3421 1072
3422 3422
3422 2620
3423 3423
3423 593
3424 2327
3424 3424
3425 3425
3425 8
3426 3426
3426 1949
3427 3427
3427 1237
3428 3428
3428 1272
3429 3429
3429 1289
3430 3430
3430 813
3431 3431
3431 2347
3432 3432
3432 1017
3433 3433
3433 689
3434 3434
3434 2933
3435 3435
3435 317
3436 3436
3436 614
3437 3437
3437 8
3438 1442
3438 3438
3439 3439
3439 3189
3440 3440
3440 325
3441 3441
3441 979
3442 3442
3442 3110
3443 3443
3443 624
3444 3444
3444 1006
3445 3445
3445 1303
3446 3446
3446 1563
3447 3447
3447 3909
3448 3448
3448 1273
3449 3449
3449 8
3450 3047
3450 3450
3451 3451
3451 956
3452 3452
3452 2535
3453 3453
3453 400
3454 3454
3454 3873
3455 3455
3455 8
3456 3456
3456 2673
3457 3457
3457 2837
3458 3458
3458 65
3459 3459
3459 312
3460 3460
3460 2282
3461 3461
3461 953
3462 3462
3462 650
3463 3463
3463 3693
3464 3464
3464 3363
3465 723
3465 3465
3466 3466
3466 2478
3467 3467
3467 363
3468 3468
3468 3973
3469 3469
3469 527
3470 177
3470 3470
3471 3471
3471 1055
3472 3472
3472 2023
3473 3473
3473 1822
3474 3474
3474 459
3475 3475
3475 447
3476 3476
3476 8
3477 3477
3477 3764
3478 3478
3478 2209
3479 3479
3479 1786
3480 1611
3480 3480
3481 3481
3481 217
3482 3482
3482 1706
3483 3483
3483 2818
3484 3484
3484 405
3485 3485
3485 793
3486 3486
3486 2710
3487 3487
3487 1575
3488 3488
3488 312
3489 3489
3489 1350
3490 3490
3490 3101
3491 3491
3491 4043
3492 3492
3492 3588
3493 3493
3493 2914
3494 3494
3494 1826
3495 869
3495 3050
3496 3496
3496 1807
3497 3497
3497 573
3498 3498
3498 2813
3499 3499
3499 8
3500 3500
3500 650
3501 3501
3501 3709
3502 3502
3502 1277
3503 3503
3503 1290
3504 3504
3504 229
3505 3505
3505 2319
3506 3506
3506 1271
3507 3507
3507 3313
3508 3508
3508 1740
3509 3509
3509 581
3510 3510
3510 2558
3511 3511
3511 813
3512 2159
3512 3512
3513 3513
3513 8
3514 3514
3514 737
3515 3515
3515 2029
3516 194
3516 3516
3517 3517
3517 650
3518 3518
3518 179
3519 3519
3519 1140
3520 3520
3520 3711
3521 3521
3521 1982
3522 3522
3522 2306
3523 3523
3523 2547
3524 3524
3524 871
3525 3525
3525 1273
3526 3526
3526 1112
3527 3527
3527 2423
3528 3528
3528 2306
3529 3529
3529 2567
3530 3530
3530 118
3531 3531
3531 3813
3532 3532
3532 3562
3533 3533
3533 1039
3534 3534
3534 1517
3535 3535
3535 343
3536 3536
3536 3059
3537 3537
3537 218
3538 3538
3538 65
3539 3539
3539 201
3540 3540
3540 3235
3541 3541
3541 41
3542 3542
3542 3547
3543 3543
3543 378
3544 3544
3544 2152
3545 83
3545 3545
3546 3546
3546 1823
3547 3547
3547 729
3548 3548
3548 1992
3549 2687
3549 2994
3550 3550
3550 2933
3551 3551
3551 3190
3552 3552
3552 580
3553 3553
3553 335
3554 3554
3554 1214
3555 3555
3555 305
3556 3556
3556 3543
3557 3557
3557 8
3558 3558
3558 3588
3559 3559
3559 1688
3560 3560
3560 875
3561 3561
3561 671
3562 3562
3562 329
3563 3563
3563 3275
3564 3564
3564 2754
3565 3565
3565 2122
3566 3566
3566 565
3567 3567
3567 1777
3568 3568
3568 3946
3569 3569
3569 1190
3570 1550
3570 3570
3571 3571
3571 325
3572 3572
3572 2189
3573 3573
3573 1289
3574 3574
3574 816
3575 3575
3575 852
3576 3576
3576 1829
3577 3577
3577 632
3578 3578
3578 247
3579 3579
3579 296
3580 3580
3580 593
3581 3581
3581 1110
3582 3582
3582 1456
3583 3583
3583 3344
3584 3584
3584 2846
3585 3585
3585 624
3586 3586
3586 760
3587 3587
3587 1780
3588 3588
3588 3916
3589 3589
3589 8
3590 3590
3590 3215
3591 3591
3591 2613
3592 3592
3592 1289
3593 3593
3593 1289
3594 3594
3594 947
3595 3595
3595 8
3596 3596
3596 397
3597 3597
3597 1166
3598 2682
3598 3598
3599 3599
3599 2508
3600 3600
3600 916
3601 3601
3601 3040
3602 3602
3602 1974
3603 3603
3603 1349
3604 3604
3604 644
3605 3605
3605 422
3606 3606
3606 2698
3607 3123
3607 3607
3608 8
3608 294
3609 3609
3609 2914
3610 3610
3610 1775
3611 3611
3611 1344
3612 378
3612 2721
3613 3613
3613 1179
3614 3614
3614 1610
3615 3615
3615 371
3616 3616
3616 3975
3617 3617
3617 4029
3618 3618
3618 314
3619 3619
3619 2992
3620 3620
3620 2252
3621 3621
3621 253
3622 3622
3622 3557
3623 3623
3623 2980
3624 3624
3624 1892
3625 3625
3625 3140
3626 3626
3626 126
3627 3627
3627 2362
3628 3628
3628 2883
3629 3629
3629 3938
3630 3630
3630 2744
3631 3631
3631 2550
3632 3632
3632 2981
3633 3633
3633 8
3634 3634
3634 2447
3635 3635
3635 1974
3636 3636
3636 3541
3637 3637
3637 636
3638 3638
3638 4022
3639 3639
3639 2926
3640 3640
3640 2885
3641 1292
3641 3641
3642 3642
3642 2914
3643 3643
3643 1211
3644 3644
3644 1627
3645 3645
3645 804
3646 3646
3646 3943
3647 1249
3647 3647
3648 3648
3648 601
3649 3649
3649 875
3650 3650
3650 68
3651 3651
3651 1095
3652 3652
3652 2811
3653 3653
3653 2601
3654 3654
3654 4047
3655 3655
3655 2469
3656 3656
3656 2276
3657 3657
3657 2122
3658 3658
3658 875
3659 3659
3659 1260
3660 3660
3660 2916
3661 3661
3661 1567
3662 3662
3662 378
3663 3663
3663 913
3664 85
3664 3664
3665 3665
3665 976
3666 3666
3666 1986
3667 3667
3667 50
3668 3668
3668 3990
3669 3669
3669 1179
3670 3670
3670 2127
3671 3671
3671 3049
3672 3672
3672 609
3673 2304
3673 3673
3674 3674
3674 3975
3675 3675
3675 2210
3676 3676
3676 225
3677 3677
3677 3006
3678 333
3678 3678
3679 3679
3679 1494
3680 3680
3680 499
3681 3681
3681 2857
3682 3682
3682 634
3683 2560
3683 3683
3684 3684
3684 2196
3685 3685
3685 1274
3686 3686
3686 8
3687 3687
3687 1463
3688 3688
3688 849
3689 3689
3689 1353
3690 3690
3690 442
3691 3691
3691 2132
3692 3692
3692 3694
3693 3463
3693 3693
3694 3694
3694 3692
3695 3695
3695 378
3696 3696
3696 533
3697 3697
3697 3252
3698 3698
3698 2605
3699 3699
3699 2816
3700 3700
3700 1136
3701 3701
3701 136
3702 3702
3702 3807
3703 3133
3703 3703
3704 3704
3704 650
3705 3705
3705 3101
3706 3706
3706 3197
3707 3707
3707 2271
3708 3708
3708 2695
3709 3501
3709 3709
3710 3282
3710 3710
3711 3711
3711 3520
3712 3712
3712 230
3713 3713
3713 2464
3714 3714
3714 104
3715 3715
3715 2861
3716 3716
3716 1039
3717 3717
3717 8
3718 3718
3718 1519
3719 3719
3719 2252
3720 3720
3720 354
3721 1430
3721 3721
3722 3722
3722 273
3723 3723
3723 127
3724 3724
3724 3779
3725 3725
3725 2121
3726 3726
3726 875
3727 3727
3727 1321
3728 3728
3728 3033
3729 3729
3729 2707
3730 3730
3730 2514
3731 3731
3731 1843
3732 3732
3732 2560
3733 3733
3733 881
3734 3734
3734 2918
3735 3735
3735 944
3736 3736
3736 81
3737 3737
3737 3626
3738 3738
3738 3168
3739 3739
3739 1889
3740 3740
3740 1294
3741 3741
3741 1465
3742 3742
3742 2447
3743 3743
3743 3264
3744 3744
3744 2919
3745 3745
3745 2194
3746 3746
3746 1353
3747 801
3747 3747
3748 3748
3748 3848
3749 3749
3749 1012
3750 3750
3750 8
3751 3751
3751 3623
3752 3752
3752 8
3753 3753
3753 8
3754 3754
3754 731
3755 3755
3755 1831
3756 3756
3756 3393
3757 3757
3757 3802
3758 3758
3758 2907
3759 3759
3759 312
3760 3760
3760 956
3761 3761
3761 1496
3762 839
3762 3762
3763 3763
3763 179
3764 3764
3764 3477
3765 3765
3765 3299
3766 3766
3766 2671
3767 3767
3767 3908
3768 3768
3768 3
3769 3769
3769 2210
3770 3770
3770 2601
3771 3771
3771 1871
3772 3772
3772 2650
3773 3773
3773 358
3774 3774
3774 8
3775 3775
3775 3199
3776 3776
3776 3178
3777 3777
3777 2152
3778 1898
3778 2937
3779 3779
3779 3724
3780 3780
3780 1422
3781 3781
3781 3502
3782 3782
3782 1970
3783 3783
3783 829
3784 3784
3784 8
3785 3785
3785 819
3786 3786
3786 2305
3787 3787
3787 2537
3788 3788
3788 1128
3789 3789
3789 2238
3790 3790
3790 181
3791 3791
3791 1615
3792 3792
3792 3623
3793 3793
3793 92
3794 3794
3794 2695
3795 3795
3795 2661
3796 3796
3796 468
3797 3797
3797 312
3798 3798
3798 1334
3799 3799
3799 239
3800 116
3800 3800
3801 3801
3801 414
3802 3802
3802 1353
3803 3803
3803 3784
3804 3804
3804 1289
3805 3805
3805 2655
3806 3806
3806 2909
3807 3807
3807 1178
3808 3808
3808 3167
3809 3809
3809 813
3810 1455
3810 3810
3811 3811
3811 1335
3812 3812
3812 1581
3813 3813
3813 3531
3814 3814
3814 3258
3815 3815
3815 3064
3816 3816
3816 394
3817 3817
3817 3537
3818 3818
3818 3212
3819 3819
3819 1667
3820 3820
3820 325
3821 3821
3821 1202
3822 3822
3822 1586
3823 3823
3823 1496
3824 514
3824 3824
3825 3825
3825 580
3826 3826
3826 3266
3827 3827
3827 2234
3828 3828
3828 3173
3829 8
3829 294
3830 3830
3830 171
3831 3831
3831 3415
3832 3832
3832 381
3833 1607
3833 3833
3834 3834
3834 2710
3835 3835
3835 740
3836 3836
3836 1017
3837 3837
3837 2483
3838 3838
3838 1477
3839 3839
3839 8
3840 3840
3840 3359
3841 3841
3841 1698
3842 3842
3842 3716
3843 3843
3843 8
3844 3844
3844 875
3845 3845
3845 3195
3846 3846
3846 2927
3847 3847
3847 2977
3848 3848
3848 3748
3849 3849
3849 593
3850 1519
3850 2440
3851 925
3851 3851
3852 3852
3852 2911
3853 3853
3853 65
3854 3854
3854 1466
3855 3855
3855 2408
3856 2665
3856 3856
3857 3857
3857 301
3858 3858
3858 2567
3859 3859
3859 1495
3860 3027
3860 3860
3861 3861
3861 325
3862 3862
3862 8
3863 3863
3863 319
3864 8
3864 294
3865 3865
3865 1126
3866 3866
3866 422
3867 3867
3867 500
3868 3202
3868 3868
3869 3869
3869 100
3870 3870
3870 3672
3871 3871
3871 402
3872 3872
3872 3925
3873 3873
3873 3061
3874 3874
3874 2547
3875 3875
3875 1496
3876 3876
3876 2587
3877 3877
3877 375
3878 3878
3878 726
3879 3879
3879 947
3880 3880
3880 989
3881 3881
3881 160
3882 3882
3882 3968
3883 3883
3883 3927
3884 3884
3884 2270
3885 3885
3885 3285
3886 3886
3886 1716
3887 3887
3887 3562
3888 3888
3888 1685
3889 3889
3889 48
3890 3890
3890 1411
3891 3891
3891 179
3892 3892
3892 2679
3893 3893
3893 2914
3894 3894
3894 335
3895 3895
3895 1935
3896 3080
3896 3896
3897 3897
3897 1179
3898 3898
3898 324
3899 3899
3899 3119
3900 3900
3900 1085
3901 3901
3901 1223
3902 3902
3902 2763
3903 3903
3903 827
3904 3904
3904 379
3905 3905
3905 1634
3906 3906
3906 58
3907 3907
3907 114
3908 3908
3908 3767
3909 3909
3909 3447
3910 963
3910 3910
3911 3911
3911 3382
3912 3912
3912 1250
3913 3913
3913 1353
3914 3914
3914 378
3915 3915
3915 2892
3916 3916
3916 3588
3917 3917
3917 3668
3918 3918
3918 3247
3919 3919
3919 50
3920 3920
3920 179
3921 3921
3921 1289
3922 3922
3922 2252
3923 3923
3923 220
3924 3924
3924 1226
3925 3925
3925 3872
3926 3926
3926 92
3927 3927
3927 3883
3928 3928
3928 3651
3929 3929
3929 1061
3930 3930
3930 412
3931 3931
3931 3541
3932 3932
3932 1210
3933 3933
3933 2188
3934 116
3934 3800
3935 3935
3935 2360
3936 3936
3936 8
3937 3937
3937 8
3938 3938
3938 2046
3939 3939
3939 1003
3940 3940
3940 2001
3941 3941
3941 1972
3942 3942
3942 1393
3943 3943
3943 602
3944 3944
3944 875
3945 3945
3945 428
3946 3568
3946 3946
3947 3947
3947 8
3948 3948
3948 3692
3949 3949
3949 2601
3950 3950
3950 205
3951 3951
3951 3780
3952 3952
3952 442
3953 3953
3953 8
3954 2229
3954 3954
3955 3955
3955 1601
3956 3956
3956 106
3957 3957
3957 704
3958 3958
3958 1661
3959 3959
3959 475
3960 3960
3960 1313
3961 3961
3961 2097
3962 3962
3962 2252
3963 3963
3963 2316
3964 3964
3964 593
3965 527
3965 3965
3966 3966
3966 8
3967 3967
3967 3056
3968 3968
3968 3348
3969 3969
3969 974
3970 3970
3970 8
3971 3971
3971 2442
3972 3972
3972 3637
3973 3973
3973 3468
3974 3974
3974 497
3975 3975
3975 650
3976 3976
3976 3232
3977 3977
3977 731
3978 3978
3978 8
3979 3979
3979 1006
3980 3980
3980 3783
3981 3981
3981 2601
3982 3982
3982 507
3983 3983
3983 244
3984 3984
3984 8
3985 3985
3985 2186
3986 3986
3986 2824
3987 3987
3987 992
3988 3988
3988 2305
3989 3989
3989 2142
3990 3990
3990 370
3991 3991
3991 2864
3992 3992
3992 2688
3993 3993
3993 2544
3994 2317
3994 2923
3995 3995
3995 931
3996 3996
3996 2897
3997 3997
3997 170
3998 3998
3998 81
3999 3999
3999 1421
4000 4000
4000 175
4001 4001
4001 3680
4002 4002
4002 356
4003 4003
4003 2494
4004 4004
4004 1289
4005 4005
4005 3410
4006 4006
4006 130
4007 4007
4007 1380
4008 4008
4008 3135
4009 4009
4009 3247
4010 4010
4010 875
4011 4011
4011 322
4012 4012
4012 2369
4013 4013
4013 405
4014 2004
4014 4014
4015 4015
4015 332
4016 4016
4016 1625
4017 4017
4017 2361
4018 4018
4018 3113
4019 4019
4019 2496
4020 4020
4020 1289
4021 4021
4021 3517
4022 4022
4022 778
4023 4023
4023 527
4024 4024
4024 1583
4025 4025
4025 851
4026 4026
4026 447
4027 4027
4027 953
4028 4028
4028 1238
4029 4029
4029 3617
4030 4030
4030 2129
4031 4031
4031 3731
4032 4032
4032 3056
4033 4033
4033 3497
4034 4034
4034 1314
4035 4035
4035 3259
4036 4036
4036 1289
4037 4037
4037 1496
4038 4038
4038 8
4039 4039
4039 208
4040 4040
4040 1917
4041 4041
4041 642
4042 4042
4042 2866
4043 4043
4043 3491
4044 3337
4044 4044
4045 4045
4045 3159
4046 4046
4046 2090
4047 4047
4047 1893
4048 4048
4048 1166
4049 2867
4049 4049
4050 767
4050 4050
4051 4051
4051 2252
4052 4052
4052 801
4053 4053
4053 276
4054 4054
4054 310
4055 4055
4055 2202
4056 4056
4056 2914
